PTEL003108 - BISOptrix23Optrix23
24, 32
0, 0, 73751, 0, 13, 92721, 73747, 92716
4 - 90 - 91 - 187
0, 0, 2
-4091, 4673, 0, 64h
-4095, 5752, 0, 64h
-3017, 4674, 0, 64h
-3016, 5751, 0, 64h
0, 1, 23
-4091, 7328, 86, 0h
-4095, 8404, 87, 0h
-3017, 7329, 89, 0h
-3016, 8404, 88, 0h
0, 2, 23
-4092, 9985, 90, 0h
-4092, 11061, 88, 0h
-3012, 9981, 89, 0h
-3013, 11058, 86, 0h
0, 3, 5
-4090, 12637, 90, 0h
-4088, 13714, 89, 0h
-3018, 12638, 89, 0h
-3011, 13716, 92, 0h
0, 4, 5
-4086, 15289, 88, 0h
-4089, 16366, 83, 0h
-3009, 15292, 89, 0h
-3009, 16365, 87, 0h
0, 5, 5
-4087, 17939, 87, 0h
-4082, 19022, 91, 0h
-3011, 17945, 88, 0h
-3012, 19018, 86, 0h
0, 6, 5
-4082, 20597, 92, 0h
-4084, 21673, 92, 0h
-3009, 20598, 88, 0h
-3008, 21669, 89, 0h
0, 7, 5
-4082, 23254, 90, 0h
-4078, 24327, 88, 0h
-3005, 23255, 90, 0h
-3006, 24331, 91, 0h
0, 8, 5
-4082, 25909, 88, 0h
-4079, 26984, 88, 0h
-3005, 25906, 93, 0h
-3003, 26981, 90, 0h
0, 9, 5
-4080, 28560, 89, 0h
-4078, 29632, 93, 0h
-3002, 28558, 93, 0h
-3003, 29633, 89, 0h
0, 10, 5
-4081, 31214, 92, 0h
-4081, 32291, 96, 0h
-2999, 31212, 91, 0h
-3001, 32290, 90, 0h
0, 11, 5
-4078, 33867, 90, 0h
-4077, 34945, 91, 0h
-3004, 33868, 90, 0h
-3001, 34942, 91, 0h
0, 12, 5
-4078, 36524, 90, 0h
-4076, 37592, 86, 0h
-2998, 36525, 91, 0h
-2998, 37595, 88, 0h
0, 13, 5
-4073, 39176, 91, 0h
-4075, 40247, 92, 0h
-3000, 39177, 88, 0h
-2997, 40252, 88, 0h
0, 14, 5
-4073, 41827, 86, 0h
-4076, 42905, 88, 0h
-2998, 41830, 87, 0h
-2996, 42904, 90, 0h
0, 15, 5
-4075, 44484, 92, 0h
-4071, 45558, 91, 0h
-2995, 44488, 92, 0h
-2996, 45562, 95, 0h
0, 16, 5
-4072, 47134, 90, 0h
-4071, 48214, 90, 0h
-2998, 47140, 91, 0h
-2995, 48213, 92, 0h
0, 17, 5
-4067, 49788, 91, 0h
-4067, 50863, 94, 0h
-2996, 49788, 88, 0h
-2992, 50862, 91, 0h
0, 18, 5
-4070, 52437, 92, 0h
-4071, 53518, 93, 0h
-2991, 52437, 89, 0h
-2994, 53521, 89, 0h
0, 19, 5
-4069, 55100, 90, 0h
-4070, 56176, 93, 0h
-2994, 55100, 89, 0h
-2991, 56172, 91, 0h
0, 20, 5
-4072, 57748, 91, 0h
-4069, 58822, 92, 0h
-2993, 57750, 92, 0h
-2995, 58823, 91, 0h
0, 21, 5
-4071, 60402, 91, 0h
-4074, 61473, 93, 0h
-2995, 60402, 93, 0h
-2992, 61475, 95, 0h
0, 22, 5
-4070, 63057, 91, 0h
-4067, 64132, 85, 0h
-2991, 63054, 92, 0h
-2994, 64132, 90, 0h
0, 23, 5
-4068, 65710, 91, 0h
-4071, 66782, 90, 0h
-2993, 65710, 91, 0h
-2993, 66781, 95, 0h
0, 24, 5
-4066, 68357, 93, 0h
-4064, 69434, 88, 0h
-2992, 68359, 87, 0h
-2994, 69434, 89, 0h
0, 25, 23
-4068, 71010, 91, 0h
-4064, 72088, 89, 0h
-2990, 71014, 91, 0h
-2990, 72088, 91, 0h
0, 26, 5
-4067, 73662, 87, 0h
-4066, 74740, 91, 0h
-2980, 73652, 93, 0h
-2992, 74736, 91, 0h
0, 27, 5
-4067, 76314, 86, 0h
-4063, 77391, 90, 0h
-2987, 76314, 90, 0h
-2989, 77388, 87, 0h
0, 28, 5
-4066, 78967, 89, 0h
-4072, 80038, 90, 0h
-2989, 78964, 90, 0h
-2991, 80037, 87, 0h
0, 29, 5
-4070, 81619, 89, 0h
-4068, 82692, 96, 0h
-2988, 81618, 91, 0h
-2991, 82695, 94, 0h
0, 30, 5
-4076, 84267, 92, 0h
-4071, 85345, 91, 0h
-2995, 84270, 92, 0h
-2993, 85345, 87, 0h
0, 31, 5
-4070, 86925, 89, 0h
-4072, 88002, 93, 0h
-2997, 86927, 91, 0h
-2995, 88001, 90, 0h
1, 0, 23
-584, 4673, 87, 0h
-584, 5752, 86, 0h
494, 4674, 90, 0h
495, 5751, 91, 0h
1, 1, 23
-586, 7330, 87, 0h
-584, 8404, 91, 0h
493, 7331, 85, 0h
490, 8408, 88, 0h
1, 2, 5
-583, 9985, 91, 0h
-586, 11062, 89, 0h
492, 9986, 91, 0h
490, 11060, 91, 0h
1, 3, 5
-584, 12635, 88, 0h
-580, 13711, 90, 0h
494, 12638, 92, 0h
494, 13709, 92, 0h
1, 4, 5
-578, 15288, 86, 0h
-584, 16366, 88, 0h
495, 15290, 92, 0h
492, 16365, 87, 0h
1, 5, 5
-580, 17937, 87, 0h
-579, 19018, 91, 0h
496, 17937, 90, 0h
496, 19012, 89, 0h
1, 6, 5
-581, 20594, 86, 0h
-578, 21671, 84, 0h
500, 20591, 90, 0h
500, 21665, 87, 0h
1, 7, 23
-572, 23251, 88, 0h
-575, 24327, 93, 0h
495, 23247, 90, 0h
498, 24324, 93, 0h
1, 8, 5
-578, 25903, 92, 0h
-573, 26973, 89, 0h
493, 25901, 91, 0h
495, 26967, 89, 0h
1, 9, 23
-575, 28556, 89, 0h
-576, 29629, 90, 0h
497, 28561, 91, 0h
499, 29629, 92, 0h
1, 10, 5
-576, 31213, 91, 0h
-577, 32287, 88, 0h
501, 31208, 89, 0h
500, 32288, 90, 0h
1, 11, 5
-574, 33863, 91, 0h
-574, 34942, 90, 0h
498, 33866, 91, 0h
501, 34939, 91, 0h
1, 12, 5
-575, 36518, 86, 0h
-572, 37594, 92, 0h
502, 36521, 90, 0h
500, 37591, 87, 0h
1, 13, 23
-570, 39170, 92, 0h
-572, 40246, 91, 0h
498, 39175, 89, 0h
504, 40247, 89, 0h
1, 14, 5
-572, 41825, 91, 0h
-573, 42900, 91, 0h
498, 41827, 94, 0h
501, 42901, 92, 0h
1, 15, 5
-573, 44481, 87, 0h
-570, 45555, 89, 0h
505, 44481, 91, 0h
507, 45557, 93, 0h
1, 16, 5
-570, 47129, 90, 0h
-572, 48210, 92, 0h
505, 47135, 93, 0h
506, 48211, 91, 0h
1, 17, 5
-566, 49782, 91, 0h
-570, 50861, 93, 0h
502, 49782, 92, 0h
504, 50860, 93, 0h
1, 18, 5
-574, 52433, 91, 0h
-566, 53518, 89, 0h
499, 52438, 91, 0h
507, 53518, 92, 0h
1, 19, 5
-568, 55095, 92, 0h
-568, 56172, 92, 0h
506, 55095, 91, 0h
506, 56169, 92, 0h
1, 20, 5
-567, 57745, 92, 0h
-567, 58823, 91, 0h
509, 57745, 91, 0h
505, 58820, 92, 0h
1, 21, 23
-569, 60399, 92, 0h
-569, 61471, 91, 0h
502, 60397, 91, 0h
503, 61474, 90, 0h
1, 22, 5
-569, 63054, 93, 0h
-567, 64130, 91, 0h
510, 63053, 92, 0h
505, 64129, 93, 0h
1, 23, 5
-564, 65704, 93, 0h
-567, 66778, 91, 0h
506, 65706, 92, 0h
505, 66768, 88, 0h
1, 24, 5
-565, 68355, 94, 0h
-562, 69430, 89, 0h
511, 68354, 89, 0h
511, 69432, 91, 0h
1, 25, 5
-559, 71006, 92, 0h
-561, 72083, 93, 0h
509, 71004, 92, 0h
513, 72081, 91, 0h
1, 26, 5
-565, 73658, 91, 0h
-565, 74736, 91, 0h
510, 73664, 90, 0h
506, 74734, 91, 0h
1, 27, 5
-560, 76310, 90, 0h
-560, 77390, 89, 0h
512, 76311, 91, 0h
511, 77384, 92, 0h
1, 28, 5
-563, 78960, 91, 0h
-566, 80042, 86, 0h
511, 78960, 89, 0h
514, 80038, 88, 0h
1, 29, 23
-565, 81614, 87, 0h
-565, 82687, 92, 0h
508, 81611, 90, 0h
507, 82689, 89, 0h
1, 30, 5
-568, 84263, 88, 0h
-564, 85339, 90, 0h
511, 84262, 91, 0h
514, 85341, 90, 0h
1, 31, 5
-565, 86921, 90, 0h
-563, 87996, 91, 0h
509, 86917, 92, 0h
512, 87995, 88, 0h
2, 0, 23
2923, 4679, 89, 0h
2925, 5754, 87, 0h
4000, 4680, 89, 0h
4000, 5756, 91, 0h
2, 1, 23
2926, 7331, 87, 0h
2925, 8406, 88, 0h
4002, 7329, 91, 0h
4003, 8405, 90, 0h
2, 2, 5
2928, 9983, 87, 0h
2927, 11060, 86, 0h
4005, 9986, 93, 0h
4005, 11059, 88, 0h
2, 3, 5
2929, 12640, 88, 0h
2925, 13710, 91, 0h
4005, 12639, 90, 0h
4001, 13713, 88, 0h
2, 4, 5
2927, 15292, 89, 0h
2927, 16367, 91, 0h
4004, 15290, 93, 0h
4004, 16364, 91, 0h
2, 5, 5
2930, 17943, 91, 0h
2925, 19018, 91, 0h
4007, 17944, 91, 0h
4003, 19016, 96, 0h
2, 6, 23
2931, 20594, 91, 0h
2929, 21669, 90, 0h
4006, 20597, 94, 0h
4004, 21671, 92, 0h
2, 7, 5
2930, 23255, 92, 0h
2932, 24329, 91, 0h
4008, 23256, 92, 0h
4008, 24330, 92, 0h
2, 8, 5
2933, 25907, 93, 0h
2934, 26976, 92, 0h
4008, 25905, 93, 0h
4012, 26978, 91, 0h
2, 9, 5
2935, 28558, 92, 0h
2936, 29631, 91, 0h
4009, 28557, 91, 0h
4009, 29632, 87, 0h
2, 10, 5
2931, 31208, 90, 0h
2933, 32286, 91, 0h
4010, 31207, 89, 0h
4008, 32284, 88, 0h
2, 11, 5
2932, 33865, 93, 0h
2930, 34940, 93, 0h
4009, 33863, 92, 0h
4007, 34935, 92, 0h
2, 12, 5
2937, 36518, 91, 0h
2931, 37594, 91, 0h
4011, 36521, 88, 0h
4014, 37595, 91, 0h
2, 13, 5
2936, 39176, 92, 0h
2933, 40249, 94, 0h
4014, 39172, 92, 0h
4009, 40247, 87, 0h
2, 14, 5
2934, 41831, 91, 0h
2936, 42907, 93, 0h
4010, 41826, 90, 0h
4010, 42900, 92, 0h
2, 15, 5
2940, 44485, 89, 0h
2939, 45561, 91, 0h
4017, 44484, 92, 0h
4018, 45561, 93, 0h
2, 16, 5
2940, 47133, 92, 0h
2943, 48210, 92, 0h
4016, 47135, 89, 0h
4018, 48211, 92, 0h
2, 17, 5
2941, 49787, 93, 0h
2939, 50861, 92, 0h
4019, 49787, 92, 0h
4014, 50860, 92, 0h
2, 18, 5
2941, 52438, 91, 0h
2941, 53517, 91, 0h
4013, 52436, 90, 0h
4015, 53518, 91, 0h
2, 19, 5
2942, 55094, 93, 0h
2942, 56172, 94, 0h
4020, 55096, 92, 0h
4016, 56172, 88, 0h
2, 20, 5
2942, 57743, 92, 0h
2946, 58822, 91, 0h
4017, 57746, 90, 0h
4023, 58821, 90, 0h
2, 21, 5
2944, 60400, 87, 0h
2942, 61476, 91, 0h
4021, 60399, 91, 0h
4017, 61475, 92, 0h
2, 22, 5
2947, 63057, 92, 0h
2945, 64130, 88, 0h
4019, 63056, 85, 0h
4022, 64128, 90, 0h
2, 23, 5
2942, 65709, 91, 0h
2941, 66778, 89, 0h
4021, 65705, 90, 0h
4018, 66778, 97, 0h
2, 24, 2
2942, 68355, 87, 0h
2941, 69430, 87, 0h
4021, 68354, 59, 168h
4018, 69432, 87, 0h
2, 25, 5
2952, 71016, 91, 0h
2949, 72088, 87, 0h
4026, 71015, 91, 0h
4026, 72087, 89, 0h
2, 26, 5
2946, 73663, 92, 0h
2951, 74739, 91, 0h
4025, 73663, 91, 0h
4024, 74737, 89, 0h
2, 27, 5
2945, 76312, 90, 0h
2943, 77384, 92, 0h
4023, 76308, 92, 0h
4021, 77385, 88, 0h
2, 28, 5
2943, 78961, 90, 0h
2944, 80037, 91, 0h
4027, 78959, 91, 0h
4024, 80036, 88, 0h
2, 29, 5
2948, 81613, 91, 0h
2949, 82689, 89, 0h
4024, 81615, 90, 0h
4029, 82689, 91, 0h
2, 30, 5
2947, 84262, 90, 0h
2951, 85340, 88, 0h
4025, 84267, 91, 0h
4027, 85336, 92, 0h
2, 31, 23
2949, 86916, 89, 0h
2949, 87995, 88, 0h
4028, 86917, 90, 0h
4029, 87993, 89, 0h
3, 0, 23
6432, 4677, 87, 0h
6431, 5753, 88, 0h
7511, 4675, 90, 0h
7511, 5752, 94, 0h
3, 1, 23
6434, 7329, 91, 0h
6436, 8405, 91, 0h
7509, 7330, 89, 0h
7511, 8407, 88, 0h
3, 2, 5
6436, 9981, 87, 0h
6438, 11055, 85, 0h
7509, 9980, 85, 0h
7514, 11057, 88, 0h
3, 3, 5
6429, 12635, 87, 0h
6429, 13709, 88, 0h
7510, 12636, 91, 0h
7505, 13709, 92, 0h
3, 4, 5
6431, 15288, 90, 0h
6431, 16364, 91, 0h
7508, 15287, 87, 0h
7509, 16363, 90, 0h
3, 5, 5
6435, 17935, 92, 0h
6431, 19015, 91, 0h
7512, 17939, 90, 0h
7506, 19011, 93, 0h
3, 6, 5
6433, 20590, 89, 0h
6432, 21667, 89, 0h
7515, 20592, 92, 0h
7509, 21666, 91, 0h
3, 7, 5
6433, 23251, 88, 0h
6436, 24324, 91, 0h
7512, 23248, 91, 0h
7517, 24325, 88, 0h
3, 8, 5
6437, 25905, 89, 0h
6436, 26976, 87, 0h
7514, 25902, 92, 0h
7515, 26975, 91, 0h
3, 9, 5
6435, 28549, 92, 0h
6435, 29628, 91, 0h
7512, 28548, 93, 0h
7510, 29629, 91, 0h
3, 10, 5
6438, 31208, 89, 0h
6436, 32288, 92, 0h
7514, 31207, 88, 0h
7511, 32281, 91, 0h
3, 11, 5
6437, 33860, 93, 0h
6432, 34937, 89, 0h
7512, 33860, 91, 0h
7508, 34935, 91, 0h
3, 12, 5
6440, 36518, 89, 0h
6438, 37593, 91, 0h
7516, 36517, 93, 0h
7517, 37592, 92, 0h
3, 13, 5
6436, 39173, 90, 0h
6438, 40245, 91, 0h
7510, 39169, 92, 0h
7512, 40242, 91, 0h
3, 14, 5
6439, 41824, 92, 0h
6436, 42901, 88, 0h
7509, 41827, 93, 0h
7514, 42898, 91, 0h
3, 15, 5
6438, 44475, 93, 0h
6440, 45555, 92, 0h
7515, 44478, 94, 0h
7518, 45556, 92, 0h
3, 16, 5
6442, 47132, 90, 0h
6436, 48209, 88, 0h
7517, 47133, 91, 0h
7519, 48207, 90, 0h
3, 17, 5
6441, 49780, 91, 0h
6441, 50858, 90, 0h
7519, 49782, 90, 0h
7520, 50854, 92, 0h
3, 18, 5
6436, 52439, 93, 0h
6446, 53513, 90, 0h
7511, 52433, 90, 0h
7512, 53510, 89, 0h
3, 19, 5
6442, 55089, 92, 0h
6441, 56168, 91, 0h
7516, 55093, 96, 0h
7513, 56171, 92, 0h
3, 20, 5
6444, 57740, 93, 0h
6444, 58817, 92, 0h
7517, 57742, 90, 0h
7520, 58818, 90, 0h
3, 21, 5
6447, 60396, 92, 0h
6442, 61470, 89, 0h
7518, 60392, 92, 0h
7515, 61467, 89, 0h
3, 22, 5
6447, 63053, 92, 0h
6446, 64128, 90, 0h
7521, 63052, 88, 0h
7522, 64126, 93, 0h
3, 23, 5
6444, 65703, 91, 0h
6442, 66775, 88, 0h
7521, 65705, 91, 0h
7519, 66775, 90, 0h
3, 24, 5
6448, 68352, 93, 0h
6450, 69431, 90, 0h
7525, 68358, 91, 0h
7527, 69428, 89, 0h
3, 25, 5
6452, 71005, 92, 0h
6450, 72083, 92, 0h
7528, 71006, 90, 0h
7527, 72082, 91, 0h
3, 26, 5
6452, 73659, 90, 0h
6453, 74735, 90, 0h
7525, 73658, 91, 0h
7530, 74734, 92, 0h
3, 27, 5
6446, 76307, 89, 0h
6446, 77379, 89, 0h
7527, 76305, 90, 0h
7523, 77379, 87, 0h
3, 28, 5
6448, 78954, 91, 0h
6452, 80038, 87, 0h
7527, 78954, 92, 0h
7525, 80034, 87, 0h
3, 29, 5
6451, 81611, 87, 0h
6452, 82682, 88, 0h
7526, 81609, 85, 0h
7526, 82683, 89, 0h
3, 30, 5
6456, 84258, 87, 0h
6457, 85337, 86, 0h
7533, 84259, 92, 0h
7529, 85332, 88, 0h
3, 31, 5
6454, 86911, 89, 0h
6456, 87989, 90, 0h
7529, 86909, 91, 0h
7533, 87987, 86, 0h
4, 0, 5
9944, 4678, 88, 0h
9947, 5757, 87, 0h
11020, 4681, 92, 0h
11018, 5756, 87, 0h
4, 1, 5
9943, 7333, 88, 0h
9942, 8405, 86, 0h
11021, 7334, 90, 0h
11016, 8408, 86, 0h
4, 2, 5
9943, 9984, 91, 0h
9944, 11060, 90, 0h
11023, 9987, 91, 0h
11018, 11057, 88, 0h
4, 3, 5
9947, 12631, 90, 0h
9944, 13710, 88, 0h
11024, 12637, 88, 0h
11025, 13710, 87, 0h
4, 4, 5
9945, 15290, 88, 0h
9945, 16365, 93, 0h
11021, 15288, 92, 0h
11021, 16364, 91, 0h
4, 5, 5
9947, 17937, 90, 0h
9947, 19014, 88, 0h
11027, 17937, 87, 0h
11021, 19011, 90, 0h
4, 6, 5
9944, 20593, 89, 0h
9946, 21669, 88, 0h
11022, 20593, 92, 0h
11021, 21669, 92, 0h
4, 7, 2
9944, 23251, 55, 168h
9946, 24324, 0, 64h
11022, 23248, 0, 64h
11021, 24325, 0, 64h
4, 8, 5
9947, 25903, 96, 0h
9948, 26981, 93, 0h
11022, 25904, 89, 0h
11027, 26978, 87, 0h
4, 9, 23
9946, 28552, 93, 0h
9949, 29630, 93, 0h
11022, 28554, 90, 0h
11024, 29627, 90, 0h
4, 10, 5
9947, 31204, 89, 0h
9946, 32284, 89, 0h
11021, 31206, 91, 0h
11024, 32284, 88, 0h
4, 11, 5
9945, 33861, 88, 0h
9946, 34941, 92, 0h
11025, 33862, 91, 0h
11024, 34938, 89, 0h
4, 12, 5
9951, 36516, 91, 0h
9949, 37594, 90, 0h
11023, 36517, 90, 0h
11022, 37594, 91, 0h
4, 13, 23
9950, 39165, 91, 0h
9950, 40247, 93, 0h
11024, 39167, 89, 0h
11028, 40245, 93, 0h
4, 14, 5
9952, 41824, 92, 0h
9951, 42900, 89, 0h
11029, 41825, 91, 0h
11024, 42899, 90, 0h
4, 15, 5
9952, 44479, 89, 0h
9949, 45557, 89, 0h
11027, 44482, 92, 0h
11024, 45554, 87, 0h
4, 16, 5
9948, 47135, 89, 0h
9954, 48212, 87, 0h
11023, 47135, 90, 0h
11024, 48215, 91, 0h
4, 17, 5
9953, 49785, 95, 0h
9952, 50858, 93, 0h
11029, 49784, 89, 0h
11024, 50861, 90, 0h
4, 18, 5
9951, 52432, 90, 0h
9952, 53514, 89, 0h
11027, 52432, 90, 0h
11031, 53522, 92, 0h
4, 19, 23
9952, 55096, 93, 0h
9954, 56171, 93, 0h
11032, 55093, 90, 0h
11032, 56172, 92, 0h
4, 20, 5
9953, 57745, 90, 0h
9957, 58823, 91, 0h
11025, 57743, 92, 0h
11028, 58820, 92, 0h
4, 21, 5
9952, 60397, 91, 0h
9952, 61476, 88, 0h
11029, 60401, 93, 0h
11027, 61480, 89, 0h
4, 22, 5
9952, 63055, 93, 0h
9952, 64133, 88, 0h
11034, 63052, 92, 0h
11032, 64130, 90, 0h
4, 23, 5
9955, 65710, 88, 0h
9961, 66784, 91, 0h
11035, 65710, 91, 0h
11038, 66784, 94, 0h
4, 24, 5
9959, 68362, 91, 0h
9958, 69438, 91, 0h
11035, 68359, 94, 0h
11036, 69433, 90, 0h
4, 25, 5
9962, 71012, 89, 0h
9964, 72090, 91, 0h
11039, 71011, 92, 0h
11036, 72086, 90, 0h
4, 26, 5
9963, 73661, 92, 0h
9963, 74734, 91, 0h
11038, 73661, 92, 0h
11039, 74738, 91, 0h
4, 27, 5
9958, 76307, 91, 0h
9960, 77383, 88, 0h
11038, 76308, 89, 0h
11040, 77383, 91, 0h
4, 28, 5
9959, 78959, 91, 0h
9959, 80035, 86, 0h
11038, 78951, 91, 0h
11037, 80032, 87, 0h
4, 29, 23
9969, 81613, 90, 0h
9966, 82686, 90, 0h
11040, 81609, 89, 0h
11040, 82683, 89, 0h
4, 30, 5
9965, 84257, 89, 0h
9964, 85331, 90, 0h
11043, 84258, 91, 0h
11043, 85334, 87, 0h
4, 31, 5
9969, 86909, 86, 0h
9970, 87986, 86, 0h
11048, 86907, 89, 0h
11050, 87984, 90, 0h
5, 0, 5
13453, 4677, 88, 0h
13450, 5752, 87, 0h
14531, 4676, 91, 0h
14529, 5752, 90, 0h
5, 1, 23
13449, 7329, 92, 0h
13446, 8403, 89, 0h
14526, 7329, 88, 0h
14525, 8409, 85, 0h
5, 2, 5
13452, 9979, 90, 0h
13450, 11056, 86, 0h
14528, 9982, 91, 0h
14525, 11055, 87, 0h
5, 3, 23
13453, 12630, 87, 0h
13448, 13705, 87, 0h
14530, 12631, 91, 0h
14531, 13707, 91, 0h
5, 4, 5
13452, 15285, 89, 0h
13451, 16360, 88, 0h
14529, 15286, 88, 0h
14527, 16356, 89, 0h
5, 5, 5
13451, 17934, 88, 0h
13455, 19009, 91, 0h
14531, 17934, 92, 0h
14527, 19009, 90, 0h
5, 6, 5
13453, 20588, 89, 0h
13454, 21663, 91, 0h
14525, 20588, 89, 0h
14526, 21663, 89, 0h
5, 7, 23
13452, 23243, 85, 0h
13451, 24322, 89, 0h
14527, 23247, 89, 0h
14525, 24317, 91, 0h
5, 8, 5
13450, 25899, 90, 0h
13451, 26972, 89, 0h
14527, 25898, 90, 0h
14530, 26973, 88, 0h
5, 9, 5
13454, 28546, 87, 0h
13455, 29623, 90, 0h
14530, 28550, 91, 0h
14526, 29623, 93, 0h
5, 10, 5
13453, 31201, 90, 0h
13450, 32282, 88, 0h
14529, 31205, 91, 0h
14526, 32282, 89, 0h
5, 11, 5
13449, 33858, 90, 0h
13450, 34936, 92, 0h
14527, 33860, 91, 0h
14525, 34934, 89, 0h
5, 12, 5
13453, 36511, 90, 0h
13453, 37591, 89, 0h
14535, 36510, 86, 0h
14532, 37588, 91, 0h
5, 13, 5
13455, 39161, 89, 0h
13451, 40242, 92, 0h
14531, 39163, 92, 0h
14532, 40244, 91, 0h
5, 14, 5
13455, 41821, 91, 0h
13455, 42899, 90, 0h
14535, 41823, 91, 0h
14531, 42899, 92, 0h
5, 15, 5
13452, 44475, 89, 0h
13455, 45553, 90, 0h
14533, 44479, 92, 0h
14530, 45554, 92, 0h
5, 16, 5
13454, 47132, 90, 0h
13455, 48209, 90, 0h
14531, 47130, 92, 0h
14529, 48208, 90, 0h
5, 17, 23
13451, 49780, 92, 0h
13454, 50857, 90, 0h
14531, 49783, 93, 0h
14531, 50857, 91, 0h
5, 18, 5
13453, 52433, 92, 0h
13456, 53514, 90, 0h
14528, 52433, 89, 0h
14531, 53515, 89, 0h
5, 19, 5
13455, 55092, 92, 0h
13456, 56169, 89, 0h
14531, 55091, 91, 0h
14533, 56167, 91, 0h
5, 20, 5
13456, 57741, 92, 0h
13457, 58821, 92, 0h
14528, 57742, 91, 0h
14532, 58822, 89, 0h
5, 21, 23
13454, 60397, 91, 0h
13456, 61471, 93, 0h
14533, 60398, 92, 0h
14532, 61472, 92, 0h
5, 22, 5
13455, 63054, 91, 0h
13456, 64130, 88, 0h
14533, 63050, 93, 0h
14532, 64126, 89, 0h
5, 23, 23
13456, 65704, 90, 0h
13452, 66771, 89, 0h
14534, 65705, 92, 0h
14528, 66773, 89, 0h
5, 24, 23
13457, 68353, 91, 0h
13456, 69430, 88, 0h
14531, 68350, 92, 0h
14535, 69428, 86, 0h
5, 25, 5
13459, 71003, 92, 0h
13460, 72081, 88, 0h
14535, 71004, 93, 0h
14537, 72081, 90, 0h
5, 26, 5
13463, 73655, 93, 0h
13463, 74731, 90, 0h
14540, 73657, 93, 0h
14541, 74730, 91, 0h
5, 27, 5
13461, 76305, 88, 0h
13459, 77381, 89, 0h
14541, 76303, 93, 0h
14541, 77378, 91, 0h
5, 28, 2
13461, 78959, 91, 0h
13459, 80035, 87, 0h
14541, 78951, 64, 168h
14541, 80032, 87, 0h
5, 29, 5
13468, 81606, 90, 0h
13468, 82680, 89, 0h
14542, 81605, 94, 0h
14539, 82678, 92, 0h
5, 30, 5
13474, 84256, 90, 0h
13469, 85330, 88, 0h
14551, 84255, 91, 0h
14549, 85330, 92, 0h
5, 31, 5
13473, 86904, 88, 0h
13476, 87980, 89, 0h
14551, 86907, 90, 0h
14550, 87980, 91, 0h
6, 0, 5
16966, 4680, 88, 0h
16965, 5757, 86, 0h
18040, 4679, 91, 0h
18040, 5755, 85, 0h
6, 1, 5
16964, 7331, 88, 0h
16964, 8409, 90, 0h
18041, 7330, 92, 0h
18042, 8403, 92, 0h
6, 2, 5
16969, 9983, 87, 0h
16964, 11060, 90, 0h
18046, 9981, 92, 0h
18045, 11058, 87, 0h
6, 3, 5
16966, 12628, 90, 0h
16966, 13708, 92, 0h
18044, 12630, 87, 0h
18044, 13704, 91, 0h
6, 4, 5
16967, 15285, 88, 0h
16964, 16360, 88, 0h
18042, 15286, 88, 0h
18041, 16360, 88, 0h
6, 5, 5
16968, 17935, 91, 0h
16967, 19012, 92, 0h
18045, 17936, 87, 0h
18046, 19010, 91, 0h
6, 6, 5
16963, 20586, 89, 0h
16967, 21666, 92, 0h
18044, 20589, 92, 0h
18045, 21665, 90, 0h
6, 7, 5
16967, 23246, 92, 0h
16964, 24319, 91, 0h
18046, 23244, 90, 0h
18040, 24321, 89, 0h
6, 8, 2
16967, 25899, 54, 168h
16964, 26972, 0, 64h
18046, 25898, 0, 64h
18040, 26973, 0, 64h
6, 9, 5
16969, 28551, 91, 0h
16967, 29623, 96, 0h
18048, 28548, 93, 0h
18046, 29629, 93, 0h
6, 10, 5
16964, 31205, 89, 0h
16967, 32281, 92, 0h
18044, 31206, 93, 0h
18046, 32281, 91, 0h
6, 11, 5
16963, 33862, 88, 0h
16964, 34938, 86, 0h
18047, 33857, 90, 0h
18044, 34940, 92, 0h
6, 12, 5
16965, 36515, 91, 0h
16968, 37595, 92, 0h
18047, 36517, 89, 0h
18049, 37591, 89, 0h
6, 13, 5
16967, 39169, 92, 0h
16967, 40248, 91, 0h
18049, 39169, 89, 0h
18050, 40244, 91, 0h
6, 14, 5
16971, 41824, 92, 0h
16972, 42901, 92, 0h
18045, 41823, 91, 0h
18043, 42899, 89, 0h
6, 15, 5
16971, 44480, 93, 0h
16969, 45558, 92, 0h
18045, 44479, 91, 0h
18046, 45556, 92, 0h
6, 16, 2
16970, 47134, 92, 0h
16964, 48227, 101, 168h
18045, 47135, 92, 0h
18047, 48213, 92, 0h
6, 17, 5
16971, 49787, 91, 0h
16973, 50860, 92, 0h
18049, 49784, 90, 0h
18044, 50859, 91, 0h
6, 18, 5
16971, 52434, 92, 0h
16968, 53517, 92, 0h
18050, 52436, 94, 0h
18050, 53518, 92, 0h
6, 19, 5
16967, 55096, 91, 0h
16972, 56175, 92, 0h
18049, 55094, 92, 0h
18046, 56174, 89, 0h
6, 20, 5
16967, 57743, 92, 0h
16968, 58821, 91, 0h
18045, 57744, 93, 0h
18051, 58822, 91, 0h
6, 21, 5
16970, 60400, 92, 0h
16966, 61474, 88, 0h
18048, 60402, 89, 0h
18048, 61476, 91, 0h
6, 22, 5
16972, 63055, 92, 0h
16973, 64134, 89, 0h
18051, 63055, 94, 0h
18051, 64130, 89, 0h
6, 23, 5
16973, 65706, 91, 0h
16972, 66781, 93, 0h
18055, 65707, 92, 0h
18048, 66780, 90, 0h
6, 24, 5
16972, 68359, 91, 0h
16974, 69431, 92, 0h
18053, 68358, 90, 0h
18046, 69433, 92, 0h
6, 25, 5
16975, 71012, 90, 0h
16976, 72086, 91, 0h
18054, 71011, 92, 0h
18052, 72089, 88, 0h
6, 26, 5
16978, 73660, 89, 0h
16980, 74734, 93, 0h
18054, 73659, 92, 0h
18054, 74738, 92, 0h
6, 27, 5
16973, 76304, 90, 0h
16980, 77381, 92, 0h
18054, 76306, 94, 0h
18057, 77382, 90, 0h
6, 28, 5
16981, 78956, 90, 0h
16980, 80033, 90, 0h
18053, 78953, 90, 0h
18057, 80034, 89, 0h
6, 29, 5
16983, 81609, 90, 0h
16985, 82681, 91, 0h
18059, 81608, 93, 0h
18058, 82681, 91, 0h
6, 30, 5
16981, 84256, 91, 0h
16985, 85330, 91, 0h
18061, 84256, 92, 0h
18060, 85329, 90, 0h
6, 31, 5
16987, 86911, 89, 0h
16985, 87987, 92, 0h
18063, 86908, 91, 0h
18064, 87983, 89, 0h
7, 0, 5
20472, 4675, 88, 0h
20472, 5754, 91, 0h
21551, 4674, 86, 0h
21552, 5753, 91, 0h
7, 1, 5
20470, 7326, 91, 0h
20470, 8402, 88, 0h
21550, 7329, 90, 0h
21544, 8404, 88, 0h
7, 2, 5
20474, 9980, 89, 0h
20473, 11052, 87, 0h
21549, 9982, 91, 0h
21548, 11052, 87, 0h
7, 3, 5
20475, 12628, 90, 0h
20473, 13704, 90, 0h
21548, 12631, 92, 0h
21546, 13702, 93, 0h
7, 4, 5
20473, 15281, 92, 0h
20473, 16356, 89, 0h
21548, 15282, 90, 0h
21543, 16355, 88, 0h
7, 5, 23
20470, 17934, 90, 0h
20472, 19011, 91, 0h
21549, 17935, 93, 0h
21550, 19006, 92, 0h
7, 6, 5
20474, 20584, 88, 0h
20473, 21659, 89, 0h
21550, 20583, 91, 0h
21546, 21658, 92, 0h
7, 7, 5
20471, 23240, 90, 0h
20471, 24317, 89, 0h
21550, 23241, 92, 0h
21545, 24317, 89, 0h
7, 8, 5
20472, 25895, 91, 0h
20474, 26974, 89, 0h
21544, 25895, 92, 0h
21553, 26973, 92, 0h
7, 9, 23
20474, 28548, 91, 0h
20472, 29622, 91, 0h
21553, 28546, 91, 0h
21550, 29621, 95, 0h
7, 10, 5
20469, 31200, 91, 0h
20468, 32279, 88, 0h
21544, 31202, 92, 0h
21547, 32275, 91, 0h
7, 11, 5
20467, 33856, 90, 0h
20466, 34932, 91, 0h
21547, 33855, 91, 0h
21544, 34933, 90, 0h
7, 12, 2
20467, 36515, 90, 0h
20466, 37595, 86, 0h
21547, 36517, 88, 0h
21544, 37591, 0, 64h
7, 13, 5
20471, 39166, 89, 0h
20468, 40241, 91, 0h
21553, 39168, 90, 0h
21549, 40241, 90, 0h
7, 14, 5
20471, 41818, 92, 0h
20472, 42896, 91, 0h
21546, 41817, 94, 0h
21547, 42894, 89, 0h
7, 15, 5
20466, 44472, 91, 0h
20468, 45552, 91, 0h
21547, 44472, 90, 0h
21550, 45551, 92, 0h
7, 16, 5
20470, 47131, 91, 0h
20462, 48222, 100, 0h
21548, 47129, 93, 0h
21545, 48205, 91, 0h
7, 17, 5
20472, 49782, 90, 0h
20474, 50858, 93, 0h
21550, 49777, 93, 0h
21547, 50855, 91, 0h
7, 18, 5
20474, 52430, 88, 0h
20476, 53518, 91, 0h
21551, 52431, 92, 0h
21552, 53515, 91, 0h
7, 19, 5
20473, 55096, 93, 0h
20473, 56173, 92, 0h
21551, 55092, 90, 0h
21551, 56172, 92, 0h
7, 20, 5
20476, 57744, 91, 0h
20475, 58822, 89, 0h
21552, 57743, 92, 0h
21552, 58817, 91, 0h
7, 21, 5
20473, 60399, 89, 0h
20474, 61469, 89, 0h
21553, 60400, 95, 0h
21552, 61474, 92, 0h
7, 22, 5
20476, 63051, 92, 0h
20476, 64129, 90, 0h
21555, 63054, 92, 0h
21554, 64128, 91, 0h
7, 23, 5
20477, 65707, 93, 0h
20472, 66779, 90, 0h
21558, 65707, 94, 0h
21549, 66783, 92, 0h
7, 24, 5
20475, 68355, 88, 0h
20478, 69429, 87, 0h
21553, 68357, 92, 0h
21554, 69432, 92, 0h
7, 25, 5
20481, 71008, 91, 0h
20482, 72085, 91, 0h
21557, 71013, 94, 0h
21557, 72088, 90, 0h
7, 26, 5
20482, 73657, 90, 0h
20487, 74730, 89, 0h
21558, 73657, 89, 0h
21560, 74733, 86, 0h
7, 27, 5
20480, 76304, 92, 0h
20482, 77377, 91, 0h
21556, 76303, 93, 0h
21558, 77379, 88, 0h
7, 28, 5
20484, 78953, 92, 0h
20483, 80029, 91, 0h
21558, 78954, 92, 0h
21563, 80031, 91, 0h
7, 29, 5
20489, 81603, 89, 0h
20487, 82680, 92, 0h
21563, 81604, 93, 0h
21566, 82677, 89, 0h
7, 30, 5
20487, 84258, 89, 0h
20487, 85328, 87, 0h
21569, 84252, 92, 0h
21563, 85329, 90, 0h
7, 31, 5
20493, 86905, 86, 0h
20489, 87987, 87, 0h
21566, 86907, 92, 0h
21566, 87984, 91, 0h
8, 0, 2
23987, 4675, 52, 168h
23984, 5754, 0, 64h
25064, 4674, 0, 64h
25065, 5753, 0, 64h
8, 1, 5
23987, 7329, 86, 0h
23984, 8402, 86, 0h
25064, 7332, 89, 0h
25065, 8400, 88, 0h
8, 2, 5
23989, 9976, 93, 0h
23989, 11051, 89, 0h
25065, 9979, 88, 0h
25065, 11050, 89, 0h
8, 3, 5
23990, 12628, 88, 0h
23993, 13703, 92, 0h
25069, 12632, 92, 0h
25067, 13706, 90, 0h
8, 4, 5
23989, 15285, 90, 0h
23986, 16362, 94, 0h
25065, 15282, 89, 0h
25067, 16355, 90, 0h
8, 5, 5
23991, 17928, 89, 0h
23988, 19010, 91, 0h
25068, 17929, 88, 0h
25067, 19007, 86, 0h
8, 6, 5
23988, 20586, 91, 0h
23987, 21667, 92, 0h
25065, 20587, 87, 0h
25061, 21661, 88, 0h
8, 7, 5
23988, 23240, 93, 0h
23989, 24318, 93, 0h
25061, 23243, 89, 0h
25061, 24316, 86, 0h
8, 8, 5
23989, 25892, 91, 0h
23998, 26960, 91, 0h
25065, 25895, 92, 0h
25066, 26966, 93, 0h
8, 9, 5
23994, 28544, 90, 0h
23991, 29619, 91, 0h
25069, 28549, 93, 0h
25068, 29620, 91, 0h
8, 10, 5
23986, 31202, 90, 0h
23986, 32277, 90, 0h
25068, 31203, 94, 0h
25066, 32279, 92, 0h
8, 11, 5
23986, 33855, 96, 0h
23986, 34934, 92, 0h
25063, 33855, 92, 0h
25061, 34933, 90, 0h
8, 12, 5
23988, 36511, 91, 0h
23991, 37586, 92, 0h
25067, 36510, 94, 0h
25067, 37588, 90, 0h
8, 13, 5
23991, 39168, 90, 0h
23990, 40245, 91, 0h
25072, 39168, 88, 0h
25070, 40244, 92, 0h
8, 14, 5
23986, 41819, 91, 0h
23988, 42898, 89, 0h
25066, 41820, 93, 0h
25068, 42897, 91, 0h
8, 15, 5
23986, 44478, 90, 0h
23987, 45558, 90, 0h
25064, 44477, 92, 0h
25064, 45556, 91, 0h
8, 16, 5
23990, 47132, 91, 0h
23988, 48208, 93, 0h
25065, 47132, 92, 0h
25067, 48212, 95, 0h
8, 17, 2
23990, 49782, 54, 168h
23988, 50858, 0, 64h
25065, 49777, 0, 64h
25067, 50855, 0, 64h
8, 18, 5
23992, 52433, 92, 0h
23990, 53517, 91, 0h
25074, 52432, 93, 0h
25069, 53520, 91, 0h
8, 19, 5
23993, 55094, 92, 0h
23989, 56174, 91, 0h
25071, 55095, 91, 0h
25071, 56169, 89, 0h
8, 20, 5
23987, 57743, 91, 0h
23992, 58821, 89, 0h
25068, 57745, 91, 0h
25069, 58823, 91, 0h
8, 21, 5
23992, 60398, 91, 0h
23989, 61474, 90, 0h
25071, 60400, 92, 0h
25066, 61473, 92, 0h
8, 22, 5
23995, 63054, 91, 0h
23994, 64134, 91, 0h
25073, 63059, 91, 0h
25072, 64129, 92, 0h
8, 23, 5
23997, 65706, 90, 0h
23993, 66778, 91, 0h
25073, 65709, 91, 0h
25064, 66779, 92, 0h
8, 24, 5
23994, 68361, 90, 0h
23996, 69435, 89, 0h
25072, 68363, 91, 0h
25073, 69436, 90, 0h
8, 25, 5
24002, 71010, 89, 0h
24000, 72086, 91, 0h
25074, 71010, 92, 0h
25079, 72087, 91, 0h
8, 26, 5
24003, 73663, 92, 0h
24000, 74737, 92, 0h
25072, 73666, 93, 0h
25072, 74740, 88, 0h
8, 27, 5
23996, 76308, 91, 0h
23999, 77381, 93, 0h
25075, 76304, 95, 0h
25077, 77380, 93, 0h
8, 28, 5
24001, 78957, 90, 0h
24000, 80034, 89, 0h
25080, 78954, 92, 0h
25079, 80032, 91, 0h
8, 29, 5
24002, 81609, 89, 0h
24002, 82683, 89, 0h
25080, 81609, 88, 0h
25080, 82683, 89, 0h
8, 30, 5
24001, 84255, 89, 0h
24003, 85329, 88, 0h
25080, 84260, 91, 0h
25083, 85331, 88, 0h
8, 31, 5
24005, 86909, 87, 0h
24007, 87983, 89, 0h
25086, 86907, 90, 0h
25086, 87980, 90, 0h
9, 0, 23
27495, 4673, 91, 0h
27495, 5749, 91, 0h
28576, 4673, 91, 0h
28572, 5749, 91, 0h
9, 1, 5
27492, 7325, 87, 0h
27489, 8396, 92, 0h
28571, 7324, 89, 0h
28573, 8400, 87, 0h
9, 2, 5
27493, 9974, 90, 0h
27492, 11052, 90, 0h
28572, 9973, 92, 0h
28570, 11049, 91, 0h
9, 3, 5
27496, 12630, 88, 0h
27492, 13699, 86, 0h
28570, 12634, 89, 0h
28570, 13700, 87, 0h
9, 4, 5
27494, 15277, 87, 0h
27492, 16355, 87, 0h
28570, 15280, 90, 0h
28567, 16351, 90, 0h
9, 5, 5
27494, 17931, 88, 0h
27493, 19009, 89, 0h
28574, 17929, 93, 0h
28570, 19004, 91, 0h
9, 6, 2
27494, 20586, 88, 0h
27493, 21667, 89, 0h
28574, 20587, 58, 168h
28570, 21661, 87, 0h
9, 7, 5
27489, 23239, 87, 0h
27494, 24313, 90, 0h
28570, 23241, 93, 0h
28566, 24313, 89, 0h
9, 8, 2
27489, 25892, 87, 0h
27494, 26960, 89, 0h
28570, 25895, 60, 168h
28566, 26966, 90, 0h
9, 9, 5
27494, 28542, 90, 0h
27494, 29618, 91, 0h
28572, 28543, 93, 0h
28575, 29621, 91, 0h
9, 10, 5
27490, 31194, 94, 0h
27488, 32274, 91, 0h
28571, 31197, 89, 0h
28568, 32276, 92, 0h
9, 11, 5
27489, 33853, 92, 0h
27489, 34930, 92, 0h
28568, 33851, 92, 0h
28567, 34930, 91, 0h
9, 12, 5
27492, 36506, 92, 0h
27497, 37582, 91, 0h
28573, 36506, 91, 0h
28571, 37584, 87, 0h
9, 13, 23
27499, 39163, 88, 0h
27494, 40237, 92, 0h
28573, 39166, 92, 0h
28573, 40238, 91, 0h
9, 14, 5
27493, 41817, 89, 0h
27494, 42894, 90, 0h
28571, 41819, 91, 0h
28574, 42894, 89, 0h
9, 15, 2
27493, 44478, 89, 0h
27494, 45558, 92, 0h
28571, 44477, 89, 0h
28574, 45556, 0, 64h
9, 16, 5
27499, 47127, 92, 0h
27495, 48204, 90, 0h
28573, 47126, 94, 0h
28574, 48207, 90, 0h
9, 17, 5
27499, 49775, 90, 0h
27497, 50858, 91, 0h
28570, 49781, 91, 0h
28573, 50859, 91, 0h
9, 18, 5
27497, 52433, 89, 0h
27498, 53520, 90, 0h
28577, 52430, 94, 0h
28577, 53516, 91, 0h
9, 19, 5
27497, 55092, 90, 0h
27494, 56172, 91, 0h
28569, 55095, 93, 0h
28574, 56168, 93, 0h
9, 20, 5
27494, 57740, 92, 0h
27497, 58824, 91, 0h
28577, 57745, 96, 0h
28575, 58819, 91, 0h
9, 21, 23
27501, 60397, 91, 0h
27496, 61470, 87, 0h
28575, 60397, 92, 0h
28574, 61471, 91, 0h
9, 22, 5
27497, 63050, 90, 0h
27499, 64129, 89, 0h
28576, 63055, 91, 0h
28577, 64126, 91, 0h
9, 23, 5
27500, 65705, 89, 0h
27497, 66777, 92, 0h
28580, 65702, 95, 0h
28571, 66772, 93, 0h
9, 24, 5
27500, 68358, 89, 0h
27497, 69432, 90, 0h
28572, 68356, 93, 0h
28574, 69427, 91, 0h
9, 25, 23
27503, 71008, 92, 0h
27504, 72079, 91, 0h
28578, 71008, 91, 0h
28582, 72083, 91, 0h
9, 26, 5
27506, 73655, 91, 0h
27507, 74731, 91, 0h
28581, 73661, 92, 0h
28584, 74731, 92, 0h
9, 27, 5
27501, 76306, 91, 0h
27501, 77382, 96, 0h
28582, 76302, 93, 0h
28581, 77378, 92, 0h
9, 28, 5
27507, 78951, 88, 0h
27503, 80028, 88, 0h
28583, 78954, 93, 0h
28582, 80027, 89, 0h
9, 29, 5
27506, 81606, 90, 0h
27510, 82679, 89, 0h
28586, 81605, 94, 0h
28587, 82679, 90, 0h
9, 30, 5
27511, 84255, 86, 0h
27511, 85329, 88, 0h
28586, 84252, 92, 0h
28586, 85328, 87, 0h
9, 31, 5
27509, 86902, 88, 0h
27515, 87981, 92, 0h
28584, 86901, 88, 0h
28591, 87978, 92, 0h
10, 0, 5
31011, 4679, 88, 0h
31013, 5755, 87, 0h
32091, 4679, 91, 0h
32091, 5754, 91, 0h
10, 1, 5
31009, 7327, 87, 0h
31009, 8404, 89, 0h
32089, 7329, 91, 0h
32091, 8403, 91, 0h
10, 2, 5
31011, 9977, 89, 0h
31010, 11052, 91, 0h
32091, 9976, 89, 0h
32090, 11049, 88, 0h
10, 3, 5
31012, 12626, 91, 0h
31009, 13703, 91, 0h
32089, 12628, 86, 0h
32089, 13703, 91, 0h
10, 4, 5
31007, 15282, 88, 0h
31012, 16356, 90, 0h
32089, 15282, 89, 0h
32088, 16354, 87, 0h
10, 5, 5
31010, 17932, 89, 0h
31014, 19008, 91, 0h
32092, 17932, 88, 0h
32090, 19011, 91, 0h
10, 6, 5
31011, 20584, 90, 0h
31013, 21662, 87, 0h
32091, 20583, 91, 0h
32093, 21661, 90, 0h
10, 7, 5
31012, 23240, 91, 0h
31012, 24317, 89, 0h
32089, 23242, 93, 0h
32087, 24315, 92, 0h
10, 8, 5
31011, 25889, 92, 0h
31015, 26963, 92, 0h
32086, 25887, 90, 0h
32092, 26961, 89, 0h
10, 9, 5
31013, 28546, 90, 0h
31012, 29622, 92, 0h
32091, 28545, 90, 0h
32097, 29621, 92, 0h
10, 10, 5
31013, 31201, 93, 0h
31011, 32278, 91, 0h
32093, 31202, 94, 0h
32090, 32279, 91, 0h
10, 11, 5
31014, 33853, 93, 0h
31014, 34934, 92, 0h
32093, 33856, 90, 0h
32090, 34933, 91, 0h
10, 12, 2
31014, 36506, 88, 0h
31014, 37582, 86, 0h
32093, 36506, 62, 168h
32090, 37584, 89, 0h
10, 13, 5
31017, 39165, 94, 0h
31017, 40240, 96, 0h
32097, 39162, 93, 0h
32098, 40242, 91, 0h
10, 14, 23
31016, 41818, 93, 0h
31012, 42896, 93, 0h
32097, 41817, 92, 0h
32097, 42896, 92, 0h
10, 15, 5
31024, 44476, 91, 0h
31019, 45556, 90, 0h
32096, 44472, 94, 0h
32096, 45552, 89, 0h
10, 16, 5
31019, 47134, 95, 0h
31019, 48210, 89, 0h
32098, 47135, 92, 0h
32093, 48214, 91, 0h
10, 17, 5
31019, 49785, 94, 0h
31014, 50861, 90, 0h
32091, 49782, 92, 0h
32093, 50861, 94, 0h
10, 18, 5
31016, 52435, 92, 0h
31021, 53518, 90, 0h
32091, 52439, 92, 0h
32097, 53521, 91, 0h
10, 19, 5
31022, 55093, 92, 0h
31020, 56172, 93, 0h
32102, 55097, 90, 0h
32101, 56168, 92, 0h
10, 20, 5
31017, 57746, 93, 0h
31018, 58821, 91, 0h
32096, 57746, 92, 0h
32100, 58820, 93, 0h
10, 21, 5
31020, 60399, 90, 0h
31020, 61476, 92, 0h
32102, 60397, 91, 0h
32098, 61475, 91, 0h
10, 22, 5
31021, 63057, 92, 0h
31019, 64134, 89, 0h
32100, 63056, 92, 0h
32100, 64132, 92, 0h
10, 23, 5
31024, 65709, 92, 0h
31020, 66776, 92, 0h
32097, 65710, 92, 0h
32101, 66779, 94, 0h
10, 24, 5
31025, 68359, 91, 0h
31025, 69433, 92, 0h
32104, 68357, 92, 0h
32104, 69434, 91, 0h
10, 25, 5
31021, 71010, 90, 0h
31027, 72085, 91, 0h
32105, 71009, 94, 0h
32108, 72084, 92, 0h
10, 26, 5
31027, 73662, 94, 0h
31028, 74737, 92, 0h
32106, 73660, 94, 0h
32107, 74734, 91, 0h
10, 27, 5
31023, 76307, 91, 0h
31022, 77379, 92, 0h
32101, 76309, 91, 0h
32101, 77379, 91, 0h
10, 28, 5
31025, 78955, 92, 0h
31026, 80035, 89, 0h
32101, 78956, 92, 0h
32106, 80031, 91, 0h
10, 29, 5
31030, 81611, 93, 0h
31025, 82680, 91, 0h
32108, 81608, 92, 0h
32105, 82683, 90, 0h
10, 30, 23
31025, 84253, 89, 0h
31027, 85331, 89, 0h
32105, 84255, 93, 0h
32107, 85326, 89, 0h
10, 31, 5
31030, 86903, 87, 0h
31027, 87982, 85, 0h
32104, 86903, 93, 0h
32108, 87982, 91, 0h
11, 0, 5
34519, 4674, 92, 0h
34518, 5751, 88, 0h
35600, 4674, 90, 0h
35598, 5750, 91, 0h
11, 1, 5
34518, 7323, 87, 0h
34515, 8403, 89, 0h
35597, 7325, 89, 0h
35601, 8404, 91, 0h
11, 2, 5
34519, 9975, 87, 0h
34516, 11048, 89, 0h
35600, 9973, 91, 0h
35596, 11045, 88, 0h
11, 3, 5
34519, 12627, 89, 0h
34518, 13702, 88, 0h
35593, 12626, 90, 0h
35596, 13699, 91, 0h
11, 4, 5
34516, 15279, 88, 0h
34517, 16354, 86, 0h
35594, 15281, 89, 0h
35594, 16355, 91, 0h
11, 5, 5
34518, 17930, 89, 0h
34519, 19003, 89, 0h
35599, 17928, 92, 0h
35599, 19004, 90, 0h
11, 6, 5
34518, 20582, 89, 0h
34519, 21657, 89, 0h
35598, 20583, 92, 0h
35596, 21661, 89, 0h
11, 7, 5
34519, 23238, 92, 0h
34517, 24317, 90, 0h
35593, 23239, 93, 0h
35592, 24313, 93, 0h
11, 8, 5
34517, 25892, 92, 0h
34520, 26969, 91, 0h
35593, 25891, 88, 0h
35600, 26965, 91, 0h
11, 9, 5
34519, 28544, 91, 0h
34521, 29620, 97, 0h
35596, 28542, 94, 0h
35600, 29620, 93, 0h
11, 10, 5
34516, 31199, 91, 0h
34518, 32276, 93, 0h
35595, 31198, 92, 0h
35594, 32277, 91, 0h
11, 11, 5
34519, 33854, 92, 0h
34516, 34933, 91, 0h
35598, 33853, 93, 0h
35591, 34930, 92, 0h
11, 12, 5
34522, 36509, 94, 0h
34522, 37584, 91, 0h
35598, 36511, 91, 0h
35597, 37586, 91, 0h
11, 13, 5
34525, 39160, 89, 0h
34520, 40235, 90, 0h
35602, 39164, 92, 0h
35602, 40241, 89, 0h
11, 14, 5
34523, 41815, 91, 0h
34520, 42892, 88, 0h
35602, 41816, 92, 0h
35601, 42890, 88, 0h
11, 15, 23
34521, 44473, 89, 0h
34521, 45550, 93, 0h
35603, 44473, 94, 0h
35599, 45552, 91, 0h
11, 16, 5
34522, 47129, 89, 0h
34523, 48206, 88, 0h
35601, 47129, 91, 0h
35597, 48206, 92, 0h
11, 17, 5
34521, 49782, 91, 0h
34521, 50857, 91, 0h
35598, 49778, 94, 0h
35599, 50857, 96, 0h
11, 18, 5
34526, 52432, 90, 0h
34528, 53515, 90, 0h
35600, 52433, 91, 0h
35605, 53517, 88, 0h
11, 19, 5
34527, 55090, 91, 0h
34525, 56170, 92, 0h
35608, 55096, 93, 0h
35604, 56170, 92, 0h
11, 20, 5
34528, 57744, 92, 0h
34525, 58818, 90, 0h
35606, 57739, 92, 0h
35604, 58815, 91, 0h
11, 21, 5
34525, 60398, 92, 0h
34527, 61471, 91, 0h
35607, 60395, 93, 0h
35605, 61473, 91, 0h
11, 22, 5
34524, 63051, 92, 0h
34528, 64131, 89, 0h
35606, 63053, 93, 0h
35605, 64129, 91, 0h
11, 23, 5
34526, 65706, 91, 0h
34526, 66775, 91, 0h
35603, 65704, 92, 0h
35603, 66774, 98, 0h
11, 24, 5
34528, 68355, 92, 0h
34531, 69431, 90, 0h
35606, 68356, 94, 0h
35604, 69430, 92, 0h
11, 25, 5
34530, 71009, 93, 0h
34531, 72086, 93, 0h
35610, 71010, 94, 0h
35611, 72082, 91, 0h
11, 26, 5
34527, 73658, 90, 0h
34531, 74728, 90, 0h
35607, 73660, 93, 0h
35608, 74732, 92, 0h
11, 27, 5
34530, 76303, 89, 0h
34527, 77374, 87, 0h
35603, 76301, 94, 0h
35604, 77374, 89, 0h
11, 28, 5
34531, 78953, 90, 0h
34528, 80028, 90, 0h
35599, 78952, 91, 0h
35607, 80030, 91, 0h
11, 29, 5
34533, 81608, 91, 0h
34532, 82678, 91, 0h
35611, 81606, 92, 0h
35614, 82676, 89, 0h
11, 30, 5
34534, 84252, 89, 0h
34533, 85328, 87, 0h
35611, 84249, 91, 0h
35611, 85328, 91, 0h
11, 31, 5
34535, 86904, 87, 0h
34534, 87980, 87, 0h
35607, 86905, 93, 0h
35612, 87982, 92, 0h
12, 0, 5
38035, 4678, 89, 0h
38036, 5754, 91, 0h
39117, 4679, 93, 0h
39115, 5755, 90, 0h
12, 1, 5
38034, 7329, 92, 0h
38032, 8409, 95, 0h
39119, 7328, 93, 0h
39110, 8406, 91, 0h
12, 2, 2
38034, 9975, 53, 168h
38032, 11048, 0, 64h
39119, 9973, 0, 64h
39110, 11045, 0, 64h
12, 3, 5
38038, 12630, 87, 0h
38037, 13704, 89, 0h
39120, 12631, 87, 0h
39118, 13704, 88, 0h
12, 4, 23
38038, 15282, 88, 0h
38037, 16360, 92, 0h
39116, 15287, 90, 0h
39117, 16359, 92, 0h
12, 5, 5
38040, 17931, 92, 0h
38038, 19011, 88, 0h
39122, 17932, 90, 0h
39119, 19007, 90, 0h
12, 6, 5
38037, 20586, 92, 0h
38034, 21665, 92, 0h
39117, 20589, 89, 0h
39115, 21663, 91, 0h
12, 7, 23
38041, 23238, 92, 0h
38040, 24316, 90, 0h
39117, 23242, 90, 0h
39116, 24318, 91, 0h
12, 8, 5
38036, 25891, 93, 0h
38044, 26965, 94, 0h
39114, 25896, 92, 0h
39116, 26967, 91, 0h
12, 9, 5
38040, 28544, 92, 0h
38042, 29621, 91, 0h
39119, 28545, 91, 0h
39117, 29625, 92, 0h
12, 10, 5
38038, 31203, 90, 0h
38039, 32280, 92, 0h
39120, 31203, 92, 0h
39117, 32278, 92, 0h
12, 11, 5
38039, 33856, 96, 0h
38041, 34933, 92, 0h
39118, 33858, 94, 0h
39115, 34935, 93, 0h
12, 12, 5
38042, 36512, 94, 0h
38045, 37587, 89, 0h
39125, 36512, 92, 0h
39122, 37584, 90, 0h
12, 13, 5
38045, 39165, 88, 0h
38042, 40239, 92, 0h
39125, 39166, 91, 0h
39124, 40242, 99, 0h
12, 14, 5
38046, 41821, 92, 0h
38043, 42893, 90, 0h
39123, 41818, 91, 0h
39126, 42891, 90, 0h
12, 15, 5
38053, 44477, 91, 0h
38052, 45551, 90, 0h
39131, 44478, 94, 0h
39126, 45553, 92, 0h
12, 16, 5
38053, 47131, 92, 0h
38047, 48208, 91, 0h
39126, 47131, 92, 0h
39128, 48210, 91, 0h
12, 17, 5
38050, 49779, 95, 0h
38051, 50859, 91, 0h
39130, 49781, 92, 0h
39131, 50856, 92, 0h
12, 18, 5
38048, 52437, 93, 0h
38046, 53516, 90, 0h
39130, 52437, 95, 0h
39131, 53516, 93, 0h
12, 19, 5
38047, 55095, 91, 0h
38049, 56173, 89, 0h
39131, 55096, 93, 0h
39129, 56173, 91, 0h
12, 20, 5
38047, 57743, 93, 0h
38048, 58821, 92, 0h
39130, 57745, 90, 0h
39128, 58823, 91, 0h
12, 21, 5
38046, 60403, 91, 0h
38045, 61476, 91, 0h
39128, 60396, 92, 0h
39129, 61473, 91, 0h
12, 22, 5
38049, 63056, 90, 0h
38049, 64135, 88, 0h
39129, 63055, 92, 0h
39128, 64131, 93, 0h
12, 23, 5
38047, 65710, 92, 0h
38043, 66778, 93, 0h
39127, 65711, 94, 0h
39125, 66780, 90, 0h
12, 24, 5
38045, 68359, 90, 0h
38047, 69433, 91, 0h
39123, 68358, 93, 0h
39124, 69433, 92, 0h
12, 25, 5
38050, 71009, 92, 0h
38046, 72087, 91, 0h
39128, 71010, 94, 0h
39127, 72086, 88, 0h
12, 26, 5
38048, 73660, 91, 0h
38043, 74736, 89, 0h
39126, 73664, 94, 0h
39124, 74734, 92, 0h
12, 27, 5
38051, 76307, 93, 0h
38048, 77384, 91, 0h
39124, 76307, 90, 0h
39129, 77381, 93, 0h
12, 28, 5
38048, 78954, 95, 0h
38053, 80036, 89, 0h
39124, 78962, 97, 0h
39130, 80035, 91, 0h
12, 29, 5
38049, 81613, 87, 0h
38048, 82684, 91, 0h
39130, 81607, 92, 0h
39129, 82683, 91, 0h
12, 30, 5
38047, 84254, 92, 0h
38050, 85331, 89, 0h
39130, 84256, 92, 0h
39129, 85329, 91, 0h
12, 31, 5
38052, 86904, 91, 0h
38051, 87981, 95, 0h
39130, 86904, 93, 0h
39130, 87981, 91, 0h
13, 0, 5
41543, 4671, 87, 0h
41540, 5750, 89, 0h
42621, 4672, 92, 0h
42617, 5752, 89, 0h
13, 1, 5
41539, 7321, 91, 0h
41538, 8398, 89, 0h
42622, 7325, 89, 0h
42618, 8399, 92, 0h
13, 2, 2
41539, 9975, 88, 0h
41538, 11048, 87, 0h
42622, 9973, 60, 168h
42618, 11045, 88, 0h
13, 3, 5
41543, 12633, 88, 0h
41539, 13700, 91, 0h
42621, 12634, 92, 0h
42618, 13702, 89, 0h
13, 4, 5
41539, 15278, 92, 0h
41540, 16354, 85, 0h
42617, 15280, 88, 0h
42619, 16355, 88, 0h
13, 5, 5
41541, 17928, 88, 0h
41541, 19006, 89, 0h
42621, 17929, 90, 0h
42620, 19005, 92, 0h
13, 6, 5
41541, 20583, 87, 0h
41539, 21661, 90, 0h
42621, 20583, 91, 0h
42619, 21659, 89, 0h
13, 7, 5
41543, 23238, 88, 0h
41544, 24317, 91, 0h
42621, 23241, 94, 0h
42615, 24314, 91, 0h
13, 8, 5
41540, 25889, 88, 0h
41548, 26959, 92, 0h
42620, 25892, 91, 0h
42625, 26961, 91, 0h
13, 9, 5
41544, 28544, 90, 0h
41548, 29621, 91, 0h
42628, 28542, 92, 0h
42622, 29621, 89, 0h
13, 10, 5
41551, 31197, 92, 0h
41550, 32274, 88, 0h
42628, 31199, 92, 0h
42628, 32275, 90, 0h
13, 11, 5
41547, 33853, 90, 0h
41549, 34929, 88, 0h
42626, 33855, 91, 0h
42626, 34933, 91, 0h
13, 12, 5
41550, 36509, 89, 0h
41552, 37587, 93, 0h
42631, 36510, 91, 0h
42632, 37583, 91, 0h
13, 13, 5
41550, 39164, 91, 0h
41548, 40236, 88, 0h
42622, 39166, 93, 0h
42630, 40241, 90, 0h
13, 14, 5
41547, 41816, 91, 0h
41548, 42891, 90, 0h
42629, 41818, 91, 0h
42628, 42891, 91, 0h
13, 15, 5
41550, 44470, 87, 0h
41552, 45550, 89, 0h
42628, 44472, 91, 0h
42626, 45551, 90, 0h
13, 16, 5
41551, 47128, 89, 0h
41548, 48206, 90, 0h
42633, 47126, 93, 0h
42629, 48207, 92, 0h
13, 17, 5
41549, 49775, 94, 0h
41551, 50856, 89, 0h
42629, 49779, 92, 0h
42633, 50854, 92, 0h
13, 18, 5
41552, 52435, 91, 0h
41552, 53515, 90, 0h
42633, 52431, 92, 0h
42636, 53510, 91, 0h
13, 19, 5
41551, 55092, 91, 0h
41554, 56166, 91, 0h
42632, 55092, 92, 0h
42630, 56169, 89, 0h
13, 20, 5
41554, 57742, 92, 0h
41554, 58822, 89, 0h
42637, 57744, 92, 0h
42633, 58820, 90, 0h
13, 21, 5
41554, 60399, 91, 0h
41553, 61477, 90, 0h
42633, 60394, 91, 0h
42634, 61473, 91, 0h
13, 22, 5
41552, 63049, 91, 0h
41551, 64129, 91, 0h
42633, 63049, 92, 0h
42633, 64127, 91, 0h
13, 23, 5
41550, 65707, 90, 0h
41551, 66778, 89, 0h
42627, 65705, 93, 0h
42632, 66778, 91, 0h
13, 24, 5
41549, 68353, 92, 0h
41550, 69429, 88, 0h
42625, 68355, 93, 0h
42627, 69429, 88, 0h
13, 25, 5
41553, 71003, 94, 0h
41553, 72085, 93, 0h
42633, 71002, 94, 0h
42630, 72080, 91, 0h
13, 26, 5
41555, 73659, 87, 0h
41553, 74730, 89, 0h
42629, 73660, 94, 0h
42630, 74737, 90, 0h
13, 27, 5
41551, 76302, 90, 0h
41552, 77378, 88, 0h
42628, 76301, 93, 0h
42631, 77376, 90, 0h
13, 28, 5
41550, 78954, 88, 0h
41558, 80027, 87, 0h
42626, 78951, 91, 0h
42634, 80023, 91, 0h
13, 29, 5
41556, 81605, 89, 0h
41553, 82677, 91, 0h
42631, 81603, 96, 0h
42631, 82681, 91, 0h
13, 30, 5
41550, 84248, 90, 0h
41551, 85328, 86, 0h
42634, 84251, 91, 0h
42633, 85328, 91, 0h
13, 31, 5
41557, 86900, 91, 0h
41555, 87977, 92, 0h
42636, 86902, 94, 0h
42636, 87977, 93, 0h
14, 0, 5
45064, 4680, 89, 0h
45062, 5760, 89, 0h
46145, 4682, 91, 0h
46142, 5758, 90, 0h
14, 1, 5
45063, 7331, 90, 0h
45060, 8407, 87, 0h
46143, 7333, 88, 0h
46141, 8405, 89, 0h
14, 2, 5
45063, 9981, 89, 0h
45063, 11054, 86, 0h
46140, 9982, 89, 0h
46140, 11057, 88, 0h
14, 3, 5
45069, 12635, 86, 0h
45065, 13709, 90, 0h
46141, 12638, 89, 0h
46143, 13708, 89, 0h
14, 4, 5
45062, 15284, 88, 0h
45060, 16360, 90, 0h
46138, 15284, 87, 0h
46139, 16365, 88, 0h
14, 5, 5
45065, 17938, 88, 0h
45060, 19014, 89, 0h
46140, 17934, 87, 0h
46141, 19010, 90, 0h
14, 6, 23
45063, 20584, 92, 0h
45063, 21658, 89, 0h
46143, 20590, 91, 0h
46143, 21665, 88, 0h
14, 7, 5
45066, 23243, 94, 0h
45069, 24319, 92, 0h
46142, 23244, 91, 0h
46144, 24320, 89, 0h
14, 8, 5
45067, 25897, 90, 0h
45069, 26968, 91, 0h
46148, 25898, 92, 0h
46147, 26970, 90, 0h
14, 9, 5
45067, 28548, 88, 0h
45071, 29623, 89, 0h
46146, 28548, 89, 0h
46149, 29625, 89, 0h
14, 10, 5
45071, 31203, 93, 0h
45068, 32281, 93, 0h
46148, 31199, 90, 0h
46144, 32281, 91, 0h
14, 11, 5
45069, 33858, 88, 0h
45071, 34935, 89, 0h
46142, 33857, 88, 0h
46145, 34934, 91, 0h
14, 12, 5
45070, 36509, 89, 0h
45074, 37588, 90, 0h
46150, 36513, 91, 0h
46147, 37590, 87, 0h
14, 13, 5
45071, 39168, 87, 0h
45071, 40240, 89, 0h
46150, 39168, 86, 0h
46148, 40243, 88, 0h
14, 14, 5
45072, 41818, 91, 0h
45075, 42895, 92, 0h
46154, 41820, 94, 0h
46148, 42893, 91, 0h
14, 15, 5
45073, 44478, 88, 0h
45072, 45558, 91, 0h
46152, 44477, 87, 0h
46153, 45558, 87, 0h
14, 16, 5
45072, 47131, 91, 0h
45076, 48210, 90, 0h
46151, 47133, 88, 0h
46151, 48210, 88, 0h
14, 17, 23
45072, 49783, 90, 0h
45075, 50856, 90, 0h
46152, 49781, 92, 0h
46148, 50857, 89, 0h
14, 18, 23
45074, 52440, 91, 0h
45076, 53516, 88, 0h
46151, 52440, 92, 0h
46156, 53517, 87, 0h
14, 19, 5
45079, 55095, 90, 0h
45079, 56173, 91, 0h
46158, 55095, 89, 0h
46157, 56172, 91, 0h
14, 20, 5
45079, 57745, 93, 0h
45077, 58821, 91, 0h
46157, 57743, 93, 0h
46154, 58821, 89, 0h
14, 21, 5
45075, 60402, 91, 0h
45075, 61479, 91, 0h
46156, 60402, 90, 0h
46153, 61478, 90, 0h
14, 22, 5
45075, 63058, 93, 0h
45076, 64132, 89, 0h
46155, 63055, 93, 0h
46152, 64133, 90, 0h
14, 23, 5
45075, 65712, 90, 0h
45071, 66785, 91, 0h
46154, 65710, 94, 0h
46146, 66784, 90, 0h
14, 24, 5
45072, 68357, 92, 0h
45071, 69433, 92, 0h
46148, 68355, 91, 0h
46147, 69430, 89, 0h
14, 25, 5
45074, 71009, 89, 0h
45071, 72087, 93, 0h
46148, 71010, 91, 0h
46148, 72086, 89, 0h
14, 26, 5
45072, 73662, 92, 0h
45067, 74736, 88, 0h
46151, 73658, 90, 0h
46152, 74733, 90, 0h
14, 27, 5
45073, 76304, 91, 0h
45075, 77379, 90, 0h
46149, 76307, 92, 0h
46148, 77381, 91, 0h
14, 28, 5
45072, 78955, 95, 0h
45077, 80035, 94, 0h
46144, 78957, 94, 0h
46150, 80030, 89, 0h
14, 29, 23
45076, 81608, 91, 0h
45076, 82683, 92, 0h
46152, 81608, 91, 0h
46151, 82681, 91, 0h
14, 30, 5
45076, 84256, 90, 0h
45075, 85337, 89, 0h
46152, 84254, 89, 0h
46151, 85333, 92, 0h
14, 31, 5
45073, 86910, 90, 0h
45074, 87983, 93, 0h
46149, 86906, 92, 0h
46148, 87983, 89, 0h
15, 0, 5
48572, 4677, 90, 0h
48569, 5753, 87, 0h
49650, 4678, 92, 0h
49647, 5753, 90, 0h
15, 1, 5
48568, 7330, 92, 0h
48565, 8402, 93, 0h
49651, 7326, 93, 0h
49645, 8402, 91, 0h
15, 2, 5
48571, 9976, 88, 0h
48572, 11054, 91, 0h
49643, 9981, 90, 0h
49643, 11054, 87, 0h
15, 3, 5
48571, 12631, 87, 0h
48569, 13706, 89, 0h
49644, 12629, 91, 0h
49642, 13708, 91, 0h
15, 4, 5
48568, 15283, 90, 0h
48566, 16359, 89, 0h
49640, 15286, 88, 0h
49642, 16359, 86, 0h
15, 5, 5
48571, 17932, 88, 0h
48568, 19011, 89, 0h
49646, 17935, 90, 0h
49644, 19009, 88, 0h
15, 6, 5
48570, 20586, 91, 0h
48569, 21659, 88, 0h
49647, 20587, 92, 0h
49646, 21662, 91, 0h
15, 7, 5
48569, 23240, 87, 0h
48573, 24315, 93, 0h
49644, 23243, 91, 0h
49644, 24317, 94, 0h
15, 8, 5
48567, 25896, 88, 0h
48570, 26972, 89, 0h
49643, 25897, 90, 0h
49650, 26972, 91, 0h
15, 9, 5
48572, 28547, 90, 0h
48573, 29621, 89, 0h
49652, 28545, 91, 0h
49649, 29623, 90, 0h
15, 10, 5
48569, 31198, 93, 0h
48570, 32277, 89, 0h
49650, 31198, 92, 0h
49644, 32277, 91, 0h
15, 11, 5
48568, 33853, 87, 0h
48571, 34934, 88, 0h
49646, 33853, 91, 0h
49646, 34932, 88, 0h
15, 12, 5
48572, 36509, 86, 0h
48575, 37585, 89, 0h
49653, 36506, 92, 0h
49651, 37584, 90, 0h
15, 13, 5
48573, 39165, 89, 0h
48574, 40241, 90, 0h
49653, 39164, 90, 0h
49651, 40241, 89, 0h
15, 14, 23
48576, 41816, 90, 0h
48577, 42896, 89, 0h
49654, 41817, 92, 0h
49648, 42894, 90, 0h
15, 15, 5
48576, 44476, 88, 0h
48577, 45553, 89, 0h
49652, 44474, 91, 0h
49656, 45555, 91, 0h
15, 16, 5
48579, 47129, 89, 0h
48577, 48204, 90, 0h
49656, 47128, 90, 0h
49655, 48202, 91, 0h
15, 17, 23
48573, 49776, 88, 0h
48580, 50854, 89, 0h
49655, 49776, 91, 0h
49655, 50850, 91, 0h
15, 18, 23
48574, 52434, 91, 0h
48579, 53515, 89, 0h
49652, 52432, 92, 0h
49659, 53511, 89, 0h
15, 19, 5
48582, 55095, 89, 0h
48579, 56172, 91, 0h
49656, 55090, 92, 0h
49656, 56168, 91, 0h
15, 20, 5
48579, 57735, 92, 0h
48579, 58815, 91, 0h
49657, 57738, 92, 0h
49656, 58817, 91, 0h
15, 21, 5
48576, 60393, 90, 0h
48577, 61471, 89, 0h
49654, 60393, 94, 0h
49652, 61465, 90, 0h
15, 22, 5
48575, 63051, 89, 0h
48577, 64125, 90, 0h
49657, 63050, 91, 0h
49655, 64125, 91, 0h
15, 23, 23
48575, 65706, 92, 0h
48575, 66776, 91, 0h
49652, 65700, 91, 0h
49651, 66772, 91, 0h
15, 24, 5
48575, 68354, 89, 0h
48573, 69432, 88, 0h
49651, 68350, 89, 0h
49647, 69430, 91, 0h
15, 25, 5
48580, 71006, 91, 0h
48577, 72083, 90, 0h
49655, 71005, 89, 0h
49650, 72080, 90, 0h
15, 26, 5
48573, 73657, 91, 0h
48574, 74729, 91, 0h
49655, 73657, 93, 0h
49654, 74730, 90, 0h
15, 27, 5
48572, 76301, 91, 0h
48576, 77376, 89, 0h
49652, 76302, 92, 0h
49651, 77376, 94, 0h
15, 28, 5
48574, 78948, 92, 0h
48573, 80027, 88, 0h
49647, 78949, 89, 0h
49651, 80026, 92, 0h
15, 29, 5
48577, 81605, 88, 0h
48578, 82675, 89, 0h
49655, 81607, 92, 0h
49652, 82675, 90, 0h
15, 30, 5
48574, 84252, 90, 0h
48577, 85328, 88, 0h
49652, 84253, 93, 0h
49652, 85327, 91, 0h
15, 31, 5
48576, 86905, 89, 0h
48576, 87981, 89, 0h
49651, 86902, 91, 0h
49652, 87978, 90, 0h
16, 0, 5
52093, 4683, 91, 0h
52088, 5761, 87, 0h
53168, 4683, 92, 0h
53166, 5762, 88, 0h
16, 1, 5
52090, 7333, 89, 0h
52087, 8410, 91, 0h
53167, 7336, 88, 0h
53164, 8411, 90, 0h
16, 2, 5
52091, 9984, 91, 0h
52088, 11060, 87, 0h
53168, 9985, 85, 0h
53165, 11057, 86, 0h
16, 3, 5
52088, 12637, 89, 0h
52088, 13716, 88, 0h
53165, 12640, 89, 0h
53168, 13711, 87, 0h
16, 4, 5
52086, 15290, 89, 0h
52086, 16367, 90, 0h
53164, 15290, 91, 0h
53165, 16364, 89, 0h
16, 5, 5
52088, 17937, 92, 0h
52091, 19013, 92, 0h
53168, 17941, 92, 0h
53168, 19017, 89, 0h
16, 6, 5
52090, 20589, 91, 0h
52088, 21666, 90, 0h
53170, 20589, 91, 0h
53169, 21663, 90, 0h
16, 7, 5
52090, 23248, 92, 0h
52091, 24323, 95, 0h
53168, 23250, 91, 0h
53168, 24326, 91, 0h
16, 8, 23
52089, 25901, 88, 0h
52092, 26971, 91, 0h
53170, 25906, 92, 0h
53169, 26973, 89, 0h
16, 9, 5
52094, 28550, 90, 0h
52095, 29626, 91, 0h
53172, 28550, 92, 0h
53173, 29628, 91, 0h
16, 10, 5
52092, 31204, 90, 0h
52093, 32281, 91, 0h
53173, 31205, 93, 0h
53168, 32281, 90, 0h
16, 11, 5
52091, 33857, 91, 0h
52093, 34937, 94, 0h
53171, 33862, 93, 0h
53169, 34938, 90, 0h
16, 12, 5
52095, 36512, 91, 0h
52101, 37590, 92, 0h
53175, 36511, 88, 0h
53174, 37589, 87, 0h
16, 13, 5
52098, 39163, 88, 0h
52099, 40240, 88, 0h
53174, 39164, 91, 0h
53177, 40241, 88, 0h
16, 14, 5
52098, 41816, 91, 0h
52098, 42898, 88, 0h
53174, 41818, 90, 0h
53175, 42895, 87, 0h
16, 15, 5
52100, 44475, 91, 0h
52099, 45556, 91, 0h
53179, 44477, 92, 0h
53178, 45557, 91, 0h
16, 16, 5
52103, 47133, 90, 0h
52102, 48210, 89, 0h
53180, 47135, 92, 0h
53176, 48214, 91, 0h
16, 17, 5
52097, 49783, 90, 0h
52099, 50854, 88, 0h
53174, 49784, 88, 0h
53177, 50858, 90, 0h
16, 18, 23
52097, 52434, 92, 0h
52101, 53518, 90, 0h
53175, 52437, 92, 0h
53179, 53517, 90, 0h
16, 19, 5
52105, 55093, 91, 0h
52103, 56168, 95, 0h
53178, 55093, 93, 0h
53176, 56169, 92, 0h
16, 20, 5
52101, 57743, 90, 0h
52097, 58819, 91, 0h
53179, 57740, 94, 0h
53175, 58816, 91, 0h
16, 21, 5
52100, 60398, 91, 0h
52101, 61472, 91, 0h
53173, 60398, 89, 0h
53173, 61477, 90, 0h
16, 22, 5
52097, 63056, 91, 0h
52098, 64133, 90, 0h
53176, 63054, 93, 0h
53177, 64130, 91, 0h
16, 23, 5
52096, 65708, 92, 0h
52091, 66783, 91, 0h
53174, 65708, 91, 0h
53173, 66786, 90, 0h
16, 24, 5
52096, 68353, 94, 0h
52096, 69430, 92, 0h
53172, 68353, 92, 0h
53170, 69429, 92, 0h
16, 25, 5
52095, 71003, 88, 0h
52094, 72080, 90, 0h
53174, 71005, 91, 0h
53173, 72081, 91, 0h
16, 26, 5
52096, 73656, 90, 0h
52093, 74735, 90, 0h
53174, 73656, 88, 0h
53172, 74732, 87, 0h
16, 27, 23
52095, 76305, 92, 0h
52092, 77378, 91, 0h
53175, 76306, 91, 0h
53172, 77378, 92, 0h
16, 28, 5
52090, 78955, 90, 0h
52096, 80033, 91, 0h
53171, 78955, 91, 0h
53177, 80034, 90, 0h
16, 29, 5
52093, 81608, 91, 0h
52095, 82682, 90, 0h
53170, 81611, 95, 0h
53173, 82686, 91, 0h
16, 30, 5
52095, 84259, 90, 0h
52093, 85334, 90, 0h
53178, 84257, 92, 0h
53175, 85329, 89, 0h
16, 31, 5
52096, 86909, 92, 0h
52092, 87981, 89, 0h
53171, 86908, 94, 0h
53176, 87981, 93, 0h
17, 0, 5
55591, 4678, 90, 0h
55591, 5755, 91, 0h
56672, 4681, 93, 0h
56666, 5759, 90, 0h
17, 1, 5
55593, 7330, 91, 0h
55586, 8406, 93, 0h
56669, 7333, 92, 0h
56664, 8407, 92, 0h
17, 2, 5
55591, 9979, 92, 0h
55591, 11056, 90, 0h
56672, 9981, 93, 0h
56667, 11057, 89, 0h
17, 3, 5
55593, 12635, 88, 0h
55590, 13710, 91, 0h
56668, 12637, 91, 0h
56668, 13709, 88, 0h
17, 4, 5
55588, 15285, 89, 0h
55590, 16364, 89, 0h
56665, 15290, 91, 0h
56666, 16364, 91, 0h
17, 5, 5
55593, 17937, 86, 0h
55591, 19013, 91, 0h
56669, 17938, 92, 0h
56666, 19016, 91, 0h
17, 6, 5
55589, 20589, 88, 0h
55591, 21664, 89, 0h
56668, 20590, 94, 0h
56665, 21664, 89, 0h
17, 7, 5
55590, 23244, 91, 0h
55593, 24319, 90, 0h
56666, 23245, 90, 0h
56665, 24322, 88, 0h
17, 8, 5
55592, 25899, 88, 0h
55593, 26970, 90, 0h
56668, 25899, 91, 0h
56671, 26968, 93, 0h
17, 9, 5
55594, 28547, 93, 0h
55593, 29623, 89, 0h
56668, 28547, 91, 0h
56672, 29626, 90, 0h
17, 10, 5
55593, 31201, 93, 0h
55593, 32278, 88, 0h
56670, 31202, 90, 0h
56668, 32277, 91, 0h
17, 11, 5
55593, 33851, 86, 0h
55592, 34935, 88, 0h
56673, 33855, 93, 0h
56670, 34931, 88, 0h
17, 12, 5
55598, 36511, 87, 0h
55600, 37588, 88, 0h
56675, 36509, 92, 0h
56673, 37585, 90, 0h
17, 13, 5
55598, 39162, 91, 0h
55599, 40238, 91, 0h
56676, 39162, 92, 0h
56675, 40239, 89, 0h
17, 14, 5
55595, 41814, 89, 0h
55598, 42893, 91, 0h
56673, 41816, 91, 0h
56673, 42894, 92, 0h
17, 15, 5
55596, 44472, 92, 0h
55597, 45552, 86, 0h
56676, 44474, 92, 0h
56675, 45553, 91, 0h
17, 16, 5
55602, 47132, 87, 0h
55598, 48205, 89, 0h
56677, 47130, 93, 0h
56675, 48206, 91, 0h
17, 17, 2
55602, 49783, 86, 0h
55598, 50854, 86, 0h
56677, 49784, 62, 168h
56675, 50858, 87, 0h
17, 18, 5
55599, 52428, 88, 0h
55598, 53511, 93, 0h
56678, 52427, 91, 0h
56679, 53512, 90, 0h
17, 19, 5
55602, 55087, 91, 0h
55601, 56164, 90, 0h
56676, 55089, 92, 0h
56675, 56164, 92, 0h
17, 20, 5
55596, 57735, 90, 0h
55595, 58814, 89, 0h
56673, 57736, 90, 0h
56674, 58809, 92, 0h
17, 21, 5
55597, 60392, 95, 0h
55597, 61467, 92, 0h
56672, 60390, 93, 0h
56671, 61466, 92, 0h
17, 22, 5
55598, 63049, 89, 0h
55601, 64125, 95, 0h
56675, 63049, 94, 0h
56673, 64122, 92, 0h
17, 23, 5
55600, 65702, 87, 0h
55598, 66773, 89, 0h
56675, 65701, 93, 0h
56676, 66771, 91, 0h
17, 24, 5
55598, 68349, 90, 0h
55593, 69424, 87, 0h
56670, 68350, 92, 0h
56669, 69421, 92, 0h
17, 25, 5
55599, 71000, 88, 0h
55596, 72077, 91, 0h
56677, 71000, 94, 0h
56673, 72078, 91, 0h
17, 26, 5
55599, 73654, 91, 0h
55595, 74732, 89, 0h
56675, 73652, 92, 0h
56672, 74729, 87, 0h
17, 27, 5
55596, 76302, 88, 0h
55593, 77375, 90, 0h
56673, 76301, 93, 0h
56671, 77375, 88, 0h
17, 28, 5
55595, 78949, 90, 0h
55592, 80027, 90, 0h
56674, 78949, 92, 0h
56673, 80031, 89, 0h
17, 29, 5
55594, 81603, 88, 0h
55592, 82678, 91, 0h
56671, 81607, 93, 0h
56672, 82678, 94, 0h
17, 30, 23
55593, 84251, 92, 0h
55593, 85326, 89, 0h
56673, 84254, 91, 0h
56673, 85327, 91, 0h
17, 31, 5
55596, 86902, 91, 0h
55594, 87976, 87, 0h
56673, 86904, 91, 0h
56674, 87977, 90, 0h
18, 0, 5
59113, 4689, 91, 0h
59114, 5765, 90, 0h
60193, 4690, 94, 0h
60193, 5765, 91, 0h
18, 1, 5
59109, 7341, 88, 0h
59110, 8414, 89, 0h
60189, 7342, 92, 0h
60187, 8417, 91, 0h
18, 2, 5
59112, 9990, 90, 0h
59107, 11064, 86, 0h
60191, 9990, 91, 0h
60189, 11066, 86, 0h
18, 3, 5
59110, 12644, 88, 0h
59107, 13717, 87, 0h
60189, 12645, 90, 0h
60189, 13715, 87, 0h
18, 4, 5
59108, 15293, 88, 0h
59111, 16369, 88, 0h
60188, 15295, 91, 0h
60186, 16369, 86, 0h
18, 5, 5
59111, 17942, 89, 0h
59110, 19021, 86, 0h
60190, 17944, 89, 0h
60189, 19020, 88, 0h
18, 6, 5
59114, 20592, 91, 0h
59110, 21672, 89, 0h
60188, 20598, 89, 0h
60189, 21670, 89, 0h
18, 7, 5
59111, 23251, 92, 0h
59111, 24325, 95, 0h
60186, 23250, 94, 0h
60186, 24326, 91, 0h
18, 8, 5
59112, 25905, 92, 0h
59114, 26973, 93, 0h
60188, 25904, 92, 0h
60193, 26971, 91, 0h
18, 9, 5
59116, 28553, 91, 0h
59114, 29628, 87, 0h
60193, 28553, 88, 0h
60194, 29629, 91, 0h
18, 10, 5
59115, 31198, 91, 0h
59115, 32279, 89, 0h
60190, 31206, 88, 0h
60190, 32282, 88, 0h
18, 11, 5
59111, 33861, 91, 0h
59111, 34943, 91, 0h
60190, 33862, 92, 0h
60188, 34937, 90, 0h
18, 12, 5
59116, 36513, 91, 0h
59117, 37595, 89, 0h
60194, 36513, 91, 0h
60193, 37591, 88, 0h
18, 13, 5
59120, 39166, 92, 0h
59115, 40241, 88, 0h
60195, 39167, 91, 0h
60196, 40246, 91, 0h
18, 14, 5
59115, 41822, 91, 0h
59118, 42899, 93, 0h
60195, 41822, 91, 0h
60193, 42895, 89, 0h
18, 15, 5
59121, 44478, 91, 0h
59118, 45558, 89, 0h
60202, 44478, 91, 0h
60197, 45558, 89, 0h
18, 16, 5
59119, 47131, 91, 0h
59115, 48209, 90, 0h
60194, 47130, 92, 0h
60192, 48211, 91, 0h
18, 17, 5
59119, 49783, 89, 0h
59116, 50860, 90, 0h
60191, 49781, 91, 0h
60193, 50858, 89, 0h
18, 18, 5
59118, 52433, 91, 0h
59121, 53510, 90, 0h
60197, 52437, 91, 0h
60197, 53517, 88, 0h
18, 19, 5
59121, 55093, 91, 0h
59120, 56170, 93, 0h
60199, 55088, 92, 0h
60194, 56168, 90, 0h
18, 20, 5
59118, 57742, 93, 0h
59115, 58819, 88, 0h
60194, 57739, 92, 0h
60194, 58818, 89, 0h
18, 21, 5
59116, 60393, 91, 0h
59113, 61471, 91, 0h
60192, 60395, 92, 0h
60195, 61473, 91, 0h
18, 22, 5
59119, 63048, 91, 0h
59120, 64126, 91, 0h
60193, 63052, 94, 0h
60193, 64127, 91, 0h
18, 23, 5
59116, 65703, 90, 0h
59116, 66773, 92, 0h
60194, 65702, 91, 0h
60191, 66770, 93, 0h
18, 24, 5
59114, 68355, 93, 0h
59116, 69425, 92, 0h
60193, 68351, 90, 0h
60194, 69421, 90, 0h
18, 25, 5
59117, 71002, 90, 0h
59116, 72084, 91, 0h
60196, 71007, 91, 0h
60191, 72081, 91, 0h
18, 26, 5
59116, 73657, 89, 0h
59118, 74730, 91, 0h
60195, 73656, 90, 0h
60193, 74728, 90, 0h
18, 27, 5
59112, 76303, 91, 0h
59115, 77378, 91, 0h
60193, 76304, 91, 0h
60192, 77375, 91, 0h
18, 28, 5
59117, 78953, 90, 0h
59113, 80027, 91, 0h
60192, 78952, 92, 0h
60190, 80025, 90, 0h
18, 29, 5
59112, 81606, 93, 0h
59111, 82681, 91, 0h
60190, 81611, 92, 0h
60192, 82678, 91, 0h
18, 30, 5
59116, 84256, 90, 0h
59113, 85329, 90, 0h
60191, 84255, 91, 0h
60191, 85328, 91, 0h
18, 31, 5
59110, 86908, 90, 0h
59111, 87982, 90, 0h
60192, 86905, 91, 0h
60190, 87982, 89, 0h
19, 0, 5
62617, 4682, 87, 0h
62612, 5758, 89, 0h
63691, 4685, 91, 0h
63688, 5759, 90, 0h
19, 1, 5
62612, 7333, 90, 0h
62614, 8406, 89, 0h
63687, 7335, 91, 0h
63687, 8409, 88, 0h
19, 2, 5
62609, 9987, 88, 0h
62608, 11060, 91, 0h
63686, 9988, 91, 0h
63684, 11060, 88, 0h
19, 3, 5
62610, 12636, 89, 0h
62608, 13715, 88, 0h
63685, 12638, 91, 0h
63688, 13713, 89, 0h
19, 4, 5
62607, 15292, 88, 0h
62608, 16367, 88, 0h
63685, 15293, 91, 0h
63682, 16367, 92, 0h
19, 5, 5
62609, 17939, 89, 0h
62606, 19017, 91, 0h
63685, 17939, 92, 0h
63684, 19017, 87, 0h
19, 6, 5
62607, 20592, 89, 0h
62607, 21669, 91, 0h
63684, 20596, 92, 0h
63684, 21669, 87, 0h
19, 7, 5
62610, 23246, 90, 0h
62606, 24322, 90, 0h
63684, 23251, 92, 0h
63681, 24323, 94, 0h
19, 8, 5
62609, 25898, 88, 0h
62612, 26975, 89, 0h
63684, 25899, 93, 0h
63688, 26970, 89, 0h
19, 9, 5
62612, 28551, 88, 0h
62611, 29623, 92, 0h
63687, 28549, 91, 0h
63687, 29626, 91, 0h
19, 10, 5
62607, 31203, 94, 0h
62606, 32280, 92, 0h
63685, 31205, 93, 0h
63683, 32279, 91, 0h
19, 11, 5
62609, 33858, 91, 0h
62609, 34936, 93, 0h
63687, 33858, 95, 0h
63685, 34935, 91, 0h
19, 12, 5
62613, 36515, 92, 0h
62615, 37590, 91, 0h
63692, 36512, 94, 0h
63688, 37588, 95, 0h
19, 13, 5
62615, 39164, 91, 0h
62613, 40242, 91, 0h
63693, 39163, 92, 0h
63690, 40242, 91, 0h
19, 14, 5
62613, 41818, 91, 0h
62615, 42893, 89, 0h
63689, 41818, 91, 0h
63687, 42894, 91, 0h
19, 15, 5
62616, 44474, 89, 0h
62614, 45554, 91, 0h
63695, 44475, 91, 0h
63694, 45553, 90, 0h
19, 16, 5
62620, 47126, 90, 0h
62619, 48204, 90, 0h
63693, 47129, 91, 0h
63696, 48202, 92, 0h
19, 17, 5
62616, 49776, 89, 0h
62616, 50851, 90, 0h
63691, 49775, 93, 0h
63692, 50849, 89, 0h
19, 18, 5
62617, 52425, 91, 0h
62620, 53507, 91, 0h
63697, 52427, 94, 0h
63692, 53511, 88, 0h
19, 19, 5
62620, 55091, 94, 0h
62619, 56167, 94, 0h
63699, 55085, 91, 0h
63691, 56163, 89, 0h
19, 20, 5
62615, 57733, 90, 0h
62617, 58812, 92, 0h
63692, 57731, 95, 0h
63693, 58812, 92, 0h
19, 21, 5
62616, 60386, 91, 0h
62615, 61466, 89, 0h
63695, 60386, 92, 0h
63693, 61467, 91, 0h
19, 22, 5
62618, 63044, 93, 0h
62616, 64121, 89, 0h
63692, 63045, 91, 0h
63690, 64121, 91, 0h
19, 23, 5
62616, 65699, 89, 0h
62614, 66769, 91, 0h
63693, 65699, 93, 0h
63689, 66767, 92, 0h
19, 24, 5
62617, 68349, 91, 0h
62615, 69420, 89, 0h
63691, 68345, 94, 0h
63690, 69420, 91, 0h
19, 25, 5
62620, 71000, 88, 0h
62615, 72078, 90, 0h
63696, 71002, 94, 0h
63691, 72075, 92, 0h
19, 26, 23
62614, 73654, 91, 0h
62617, 74724, 89, 0h
63691, 73653, 89, 0h
63695, 74726, 93, 0h
19, 27, 5
62616, 76297, 90, 0h
62614, 77373, 91, 0h
63692, 76298, 90, 0h
63689, 77371, 90, 0h
19, 28, 5
62615, 78946, 95, 0h
62612, 80025, 93, 0h
63689, 78947, 91, 0h
63687, 80020, 89, 0h
19, 29, 5
62614, 81604, 90, 0h
62614, 82678, 90, 0h
63693, 81602, 93, 0h
63689, 82673, 91, 0h
19, 30, 5
62614, 84248, 92, 0h
62617, 85324, 89, 0h
63694, 84253, 92, 0h
63691, 85325, 88, 0h
19, 31, 5
62616, 86903, 88, 0h
62615, 87979, 88, 0h
63695, 86899, 93, 0h
63694, 87976, 90, 0h
20, 0, 5
66137, 4689, 91, 0h
66133, 5771, 90, 0h
67210, 4690, 92, 0h
67213, 5766, 90, 0h
20, 1, 5
66127, 7342, 90, 0h
66127, 8416, 88, 0h
67206, 7341, 93, 0h
67207, 8420, 90, 0h
20, 2, 5
66129, 9992, 90, 0h
66129, 11068, 88, 0h
67205, 9994, 92, 0h
67203, 11067, 88, 0h
20, 3, 5
66129, 12652, 89, 0h
66126, 13718, 86, 0h
67206, 12646, 91, 0h
67202, 13721, 90, 0h
20, 4, 5
66125, 15298, 92, 0h
66125, 16371, 87, 0h
67206, 15299, 89, 0h
67201, 16373, 89, 0h
20, 5, 5
66130, 17945, 88, 0h
66129, 19020, 88, 0h
67205, 17948, 92, 0h
67204, 19024, 89, 0h
20, 6, 5
66128, 20597, 89, 0h
66129, 21674, 91, 0h
67205, 20598, 93, 0h
67204, 21668, 91, 0h
20, 7, 5
66129, 23254, 86, 0h
66130, 24330, 90, 0h
67207, 23254, 91, 0h
67207, 24330, 88, 0h
20, 8, 5
66130, 25903, 91, 0h
66129, 26975, 91, 0h
67206, 25902, 92, 0h
67206, 26979, 93, 0h
20, 9, 5
66131, 28554, 92, 0h
66132, 29628, 90, 0h
67206, 28556, 86, 0h
67207, 29632, 92, 0h
20, 10, 5
66128, 31208, 89, 0h
66130, 32286, 88, 0h
67203, 31210, 94, 0h
67207, 32289, 91, 0h
20, 11, 5
66130, 33863, 92, 0h
66128, 34941, 90, 0h
67208, 33864, 92, 0h
67204, 34942, 89, 0h
20, 12, 5
66128, 36514, 91, 0h
66133, 37593, 90, 0h
67204, 36516, 87, 0h
67208, 37588, 91, 0h
20, 13, 5
66134, 39169, 88, 0h
66132, 40243, 89, 0h
67209, 39169, 91, 0h
67207, 40243, 88, 0h
20, 14, 5
66133, 41821, 92, 0h
66135, 42896, 89, 0h
67209, 41824, 91, 0h
67209, 42895, 91, 0h
20, 15, 5
66136, 44479, 91, 0h
66132, 45558, 91, 0h
67210, 44476, 91, 0h
67217, 45555, 91, 0h
20, 16, 5
66136, 47130, 92, 0h
66133, 48206, 88, 0h
67211, 47130, 93, 0h
67208, 48205, 88, 0h
20, 17, 5
66135, 49780, 92, 0h
66132, 50856, 92, 0h
67211, 49778, 93, 0h
67209, 50856, 88, 0h
20, 18, 5
66137, 52437, 94, 0h
66139, 53517, 91, 0h
67216, 52434, 93, 0h
67213, 53516, 94, 0h
20, 19, 5
66135, 55089, 90, 0h
66139, 56165, 94, 0h
67215, 55090, 93, 0h
67211, 56166, 92, 0h
20, 20, 5
66136, 57737, 94, 0h
66134, 58813, 92, 0h
67213, 57738, 93, 0h
67207, 58817, 91, 0h
20, 21, 5
66134, 60392, 91, 0h
66135, 61471, 93, 0h
67212, 60392, 91, 0h
67209, 61469, 92, 0h
20, 22, 5
66133, 63049, 92, 0h
66133, 64125, 91, 0h
67216, 63047, 93, 0h
67214, 64122, 91, 0h
20, 23, 5
66133, 65699, 92, 0h
66128, 66769, 90, 0h
67209, 65697, 95, 0h
67208, 66769, 93, 0h
20, 24, 5
66132, 68350, 94, 0h
66130, 69423, 92, 0h
67211, 68349, 92, 0h
67209, 69423, 90, 0h
20, 25, 5
66134, 71001, 91, 0h
66133, 72079, 90, 0h
67214, 71002, 87, 0h
67215, 72075, 90, 0h
20, 26, 5
66134, 73656, 91, 0h
66133, 74731, 91, 0h
67213, 73651, 92, 0h
67214, 74726, 91, 0h
20, 27, 5
66133, 76301, 95, 0h
66134, 77377, 89, 0h
67211, 76303, 92, 0h
67214, 77376, 92, 0h
20, 28, 5
66134, 78949, 91, 0h
66131, 80023, 90, 0h
67213, 78948, 94, 0h
67211, 80024, 89, 0h
20, 29, 5
66134, 81603, 92, 0h
66136, 82680, 89, 0h
67213, 81603, 88, 0h
67212, 82677, 92, 0h
20, 30, 23
66138, 84252, 90, 0h
66137, 85325, 92, 0h
67215, 84252, 92, 0h
67212, 85328, 91, 0h
20, 31, 23
66137, 86904, 88, 0h
66134, 87982, 87, 0h
67214, 86905, 93, 0h
67214, 87982, 89, 0h
21, 0, 5
69632, 4679, 89, 0h
69631, 5761, 91, 0h
70706, 4682, 92, 0h
70705, 5759, 95, 0h
21, 1, 5
69626, 7337, 87, 0h
69627, 8412, 87, 0h
70705, 7336, 91, 0h
70703, 8414, 91, 0h
21, 2, 5
69626, 9988, 88, 0h
69626, 11064, 87, 0h
70705, 9990, 92, 0h
70698, 11063, 90, 0h
21, 3, 5
69629, 12644, 90, 0h
69625, 13716, 91, 0h
70701, 12639, 91, 0h
70700, 13717, 89, 0h
21, 4, 5
69623, 15292, 89, 0h
69623, 16370, 88, 0h
70698, 15295, 91, 0h
70695, 16368, 91, 0h
21, 5, 5
69624, 17942, 89, 0h
69627, 19019, 91, 0h
70701, 17942, 91, 0h
70700, 19018, 88, 0h
21, 6, 5
69622, 20592, 92, 0h
69622, 21666, 91, 0h
70699, 20593, 94, 0h
70697, 21667, 92, 0h
21, 7, 5
69620, 23250, 91, 0h
69622, 24329, 91, 0h
70698, 23251, 88, 0h
70699, 24325, 91, 0h
21, 8, 5
69626, 25902, 93, 0h
69625, 26973, 87, 0h
70697, 25903, 94, 0h
70699, 26970, 85, 0h
21, 9, 5
69628, 28552, 89, 0h
69626, 29624, 93, 0h
70699, 28553, 96, 0h
70698, 29627, 92, 0h
21, 10, 5
69624, 31208, 91, 0h
69624, 32286, 89, 0h
70697, 31208, 91, 0h
70697, 32284, 91, 0h
21, 11, 5
69623, 33859, 91, 0h
69623, 34935, 92, 0h
70699, 33860, 91, 0h
70697, 34936, 91, 0h
21, 12, 5
69623, 36511, 86, 0h
69626, 37589, 92, 0h
70699, 36514, 93, 0h
70695, 37587, 92, 0h
21, 13, 5
69628, 39165, 88, 0h
69625, 40239, 91, 0h
70698, 39165, 90, 0h
70698, 40240, 90, 0h
21, 14, 5
69626, 41816, 94, 0h
69625, 42893, 90, 0h
70695, 41817, 92, 0h
70700, 42892, 92, 0h
21, 15, 5
69630, 44473, 88, 0h
69628, 45550, 89, 0h
70701, 44472, 91, 0h
70703, 45550, 91, 0h
21, 16, 5
69628, 47127, 91, 0h
69629, 48200, 91, 0h
70702, 47124, 91, 0h
70702, 48195, 92, 0h
21, 17, 5
69629, 49772, 91, 0h
69631, 50852, 93, 0h
70705, 49778, 92, 0h
70703, 50853, 91, 0h
21, 18, 5
69631, 52431, 92, 0h
69635, 53505, 89, 0h
70708, 52431, 93, 0h
70708, 53507, 92, 0h
21, 19, 5
69632, 55085, 91, 0h
69636, 56163, 91, 0h
70705, 55087, 96, 0h
70705, 56159, 92, 0h
21, 20, 5
69633, 57731, 94, 0h
69633, 58811, 91, 0h
70710, 57734, 94, 0h
70707, 58809, 93, 0h
21, 21, 5
69634, 60388, 92, 0h
69631, 61465, 91, 0h
70709, 60386, 92, 0h
70707, 61461, 93, 0h
21, 22, 5
69632, 63044, 92, 0h
69630, 64119, 93, 0h
70707, 63043, 92, 0h
70708, 64114, 92, 0h
21, 23, 5
69630, 65693, 91, 0h
69628, 66765, 91, 0h
70703, 65694, 94, 0h
70704, 66762, 89, 0h
21, 24, 5
69629, 68344, 92, 0h
69628, 69417, 91, 0h
70704, 68343, 93, 0h
70704, 69414, 92, 0h
21, 25, 5
69636, 70999, 88, 0h
69632, 72072, 89, 0h
70714, 70995, 92, 0h
70710, 72070, 90, 0h
21, 26, 5
69633, 73649, 92, 0h
69632, 74720, 88, 0h
70707, 73646, 94, 0h
70708, 74722, 90, 0h
21, 27, 5
69630, 76297, 91, 0h
69634, 77372, 88, 0h
70711, 76297, 93, 0h
70707, 77371, 92, 0h
21, 28, 5
69633, 78945, 88, 0h
69633, 80023, 87, 0h
70709, 78945, 92, 0h
70712, 80019, 90, 0h
21, 29, 5
69633, 81600, 92, 0h
69631, 82678, 87, 0h
70711, 81600, 90, 0h
70708, 82673, 91, 0h
21, 30, 23
69640, 84247, 90, 0h
69639, 85323, 89, 0h
70712, 84251, 92, 0h
70712, 85325, 88, 0h
21, 31, 23
69638, 86899, 92, 0h
69639, 87978, 88, 0h
70713, 86904, 91, 0h
70712, 87982, 90, 0h
22, 0, 5
73152, 4688, 92, 0h
73153, 5760, 91, 0h
74230, 4691, 92, 0h
74229, 5767, 89, 0h
22, 1, 5
73151, 7342, 89, 0h
73149, 8417, 88, 0h
74226, 7344, 90, 0h
74226, 8419, 92, 0h
22, 2, 23
73147, 9991, 90, 0h
73148, 11067, 89, 0h
74224, 9993, 90, 0h
74225, 11068, 89, 0h
22, 3, 5
73144, 12642, 90, 0h
73145, 13724, 92, 0h
74223, 12641, 92, 0h
74224, 13722, 91, 0h
22, 4, 5
73147, 15300, 92, 0h
73147, 16369, 90, 0h
74222, 15297, 94, 0h
74221, 16372, 89, 0h
22, 5, 5
73144, 17949, 94, 0h
73145, 19026, 91, 0h
74223, 17949, 92, 0h
74221, 19024, 92, 0h
22, 6, 5
73144, 20597, 93, 0h
73141, 21679, 92, 0h
74219, 20595, 91, 0h
74219, 21673, 92, 0h
22, 7, 5
73145, 23253, 91, 0h
73144, 24328, 91, 0h
74218, 23257, 90, 0h
74218, 24331, 90, 0h
22, 8, 5
73143, 25899, 92, 0h
73138, 26976, 90, 0h
74219, 25901, 93, 0h
74218, 26978, 89, 0h
22, 9, 5
73142, 28557, 91, 0h
73142, 29633, 98, 0h
74217, 28556, 93, 0h
74218, 29630, 92, 0h
22, 10, 5
73141, 31210, 92, 0h
73142, 32287, 88, 0h
74220, 31211, 94, 0h
74218, 32286, 93, 0h
22, 11, 5
73142, 33864, 91, 0h
73140, 34937, 91, 0h
74219, 33864, 91, 0h
74216, 34939, 89, 0h
22, 12, 5
73139, 36516, 89, 0h
73140, 37591, 92, 0h
74219, 36515, 94, 0h
74220, 37588, 88, 0h
22, 13, 5
73143, 39167, 91, 0h
73148, 40245, 93, 0h
74221, 39166, 91, 0h
74223, 40244, 91, 0h
22, 14, 5
73151, 41820, 95, 0h
73146, 42899, 92, 0h
74224, 41822, 94, 0h
74221, 42898, 91, 0h
22, 15, 5
73151, 44475, 93, 0h
73148, 45552, 91, 0h
74220, 44477, 91, 0h
74219, 45553, 86, 0h
22, 16, 5
73149, 47131, 92, 0h
73145, 48206, 91, 0h
74224, 47130, 92, 0h
74222, 48205, 90, 0h
22, 17, 5
73149, 49780, 88, 0h
73148, 50855, 92, 0h
74225, 49776, 93, 0h
74225, 50854, 91, 0h
22, 18, 5
73154, 52431, 94, 0h
73150, 53509, 92, 0h
74228, 52430, 93, 0h
74227, 53511, 91, 0h
22, 19, 5
73150, 55089, 93, 0h
73157, 56163, 91, 0h
74227, 55088, 95, 0h
74229, 56167, 93, 0h
22, 20, 2
73150, 57731, 92, 0h
73157, 58811, 94, 0h
74227, 57734, 96, 0h
74229, 58809, 90, 0h
22, 21, 5
73151, 60393, 91, 0h
73151, 61466, 95, 0h
74229, 60389, 91, 0h
74228, 61463, 93, 0h
22, 22, 5
73149, 63044, 88, 0h
73152, 64122, 93, 0h
74226, 63047, 95, 0h
74228, 64118, 92, 0h
22, 23, 5
73151, 65697, 91, 0h
73147, 66771, 92, 0h
74225, 65697, 92, 0h
74226, 66768, 91, 0h
22, 24, 5
73151, 68349, 93, 0h
73154, 69420, 92, 0h
74226, 68346, 95, 0h
74228, 69417, 92, 0h
22, 25, 5
73151, 70997, 90, 0h
73153, 72075, 91, 0h
74229, 71000, 92, 0h
74231, 72076, 93, 0h
22, 26, 5
73154, 73648, 91, 0h
73151, 74726, 91, 0h
74233, 73649, 92, 0h
74232, 74723, 91, 0h
22, 27, 5
73151, 76297, 91, 0h
73155, 77372, 94, 0h
74229, 76299, 88, 0h
74227, 77371, 91, 0h
22, 28, 5
73152, 78951, 91, 0h
73150, 80028, 90, 0h
74230, 78949, 92, 0h
74228, 80029, 91, 0h
22, 29, 5
73155, 81607, 91, 0h
73155, 82679, 94, 0h
74235, 81605, 95, 0h
74235, 82676, 94, 0h
22, 30, 23
73157, 84254, 91, 0h
73159, 85332, 91, 0h
74234, 84254, 90, 0h
74234, 85328, 91, 0h
22, 31, 23
73162, 86906, 90, 0h
73162, 87986, 90, 0h
74238, 86908, 92, 0h
74237, 87985, 90, 0h
23, 0, 5
76652, 4684, 90, 0h
76650, 5755, 86, 0h
77728, 4686, 93, 0h
77726, 5762, 91, 0h
23, 1, 5
76647, 7338, 90, 0h
76649, 8413, 91, 0h
77724, 7340, 89, 0h
77722, 8416, 92, 0h
23, 2, 5
76642, 9991, 92, 0h
76644, 11062, 87, 0h
77723, 9991, 92, 0h
77721, 11065, 92, 0h
23, 3, 5
76643, 12641, 89, 0h
76642, 13720, 88, 0h
77723, 12651, 92, 0h
77720, 13718, 91, 0h
23, 4, 5
76641, 15297, 89, 0h
76641, 16367, 85, 0h
77718, 15298, 91, 0h
77718, 16371, 89, 0h
23, 5, 5
76645, 17944, 89, 0h
76640, 19020, 91, 0h
77720, 17946, 91, 0h
77715, 19021, 91, 0h
23, 6, 5
76638, 20595, 87, 0h
76637, 21673, 92, 0h
77713, 20597, 91, 0h
77711, 21673, 89, 0h
23, 7, 5
76636, 23250, 89, 0h
76640, 24328, 92, 0h
77714, 23253, 94, 0h
77711, 24328, 90, 0h
23, 8, 5
76636, 25895, 93, 0h
76636, 26975, 88, 0h
77715, 25900, 94, 0h
77716, 26974, 92, 0h
23, 9, 5
76635, 28554, 89, 0h
76636, 29627, 90, 0h
77713, 28552, 93, 0h
77709, 29625, 93, 0h
23, 10, 5
76637, 31207, 92, 0h
76635, 32281, 90, 0h
77711, 31206, 94, 0h
77708, 32280, 90, 0h
23, 11, 5
76635, 33856, 91, 0h
76634, 34934, 90, 0h
77709, 33856, 93, 0h
77710, 34931, 92, 0h
23, 12, 5
76632, 36510, 86, 0h
76635, 37587, 89, 0h
77712, 36510, 91, 0h
77713, 37582, 89, 0h
23, 13, 5
76636, 39163, 88, 0h
76639, 40239, 87, 0h
77712, 39166, 90, 0h
77717, 40238, 90, 0h
23, 14, 5
76642, 41816, 89, 0h
76639, 42894, 87, 0h
77716, 41815, 92, 0h
77717, 42892, 87, 0h
23, 15, 5
76644, 44471, 91, 0h
76644, 45549, 89, 0h
77717, 44471, 91, 0h
77715, 45548, 90, 0h
23, 16, 5
76642, 47123, 91, 0h
76644, 48199, 91, 0h
77717, 47127, 95, 0h
77714, 48199, 93, 0h
23, 17, 5
76642, 49771, 91, 0h
76643, 50847, 87, 0h
77723, 49771, 92, 0h
77720, 50847, 91, 0h
23, 18, 5
76646, 52423, 91, 0h
76649, 53507, 90, 0h
77722, 52424, 91, 0h
77724, 53504, 91, 0h
23, 19, 5
76648, 55085, 92, 0h
76648, 56159, 91, 0h
77723, 55083, 94, 0h
77723, 56158, 93, 0h
23, 20, 5
76649, 57732, 90, 0h
76647, 58809, 88, 0h
77725, 57728, 91, 0h
77727, 58808, 92, 0h
23, 21, 5
76646, 60386, 92, 0h
76647, 61461, 92, 0h
77725, 60384, 93, 0h
77723, 61458, 91, 0h
23, 22, 5
76647, 63039, 92, 0h
76648, 64112, 90, 0h
77725, 63041, 95, 0h
77725, 64109, 93, 0h
23, 23, 5
76648, 65690, 89, 0h
76649, 66765, 91, 0h
77726, 65690, 92, 0h
77726, 66758, 91, 0h
23, 24, 5
76648, 68342, 89, 0h
76651, 69413, 88, 0h
77726, 68340, 92, 0h
77727, 69411, 87, 0h
23, 25, 5
76652, 70992, 89, 0h
76653, 72068, 90, 0h
77732, 70993, 92, 0h
77730, 72066, 92, 0h
23, 26, 5
76650, 73644, 91, 0h
76654, 74718, 90, 0h
77730, 73641, 93, 0h
77728, 74718, 91, 0h
23, 27, 5
76652, 76290, 92, 0h
76653, 77363, 88, 0h
77732, 76292, 91, 0h
77728, 77366, 89, 0h
23, 28, 5
76651, 78943, 91, 0h
76654, 80022, 88, 0h
77730, 78945, 93, 0h
77730, 80018, 89, 0h
23, 29, 5
76657, 81600, 91, 0h
76655, 82674, 91, 0h
77737, 81599, 92, 0h
77736, 82670, 90, 0h
23, 30, 23
76662, 84253, 90, 0h
76663, 85323, 88, 0h
77739, 84246, 93, 0h
77738, 85321, 92, 0h
23, 31, 23
76666, 86899, 87, 0h
76666, 87980, 87, 0h
77745, 86900, 93, 0h
77744, 87976, 89, 0h
