PTEL003008 - BISOptrix23Optrix23
24, 32
0, 0, 73802, 0, 82, 92764, 73795, 92709
4 - 91 - 91 - 186
0, 0, 2
-4084, 4689, 0, 64h
-4082, 5767, 0, 64h
-3009, 4685, 0, 64h
-3005, 5764, 0, 64h
0, 1, 23
-4084, 7356, 88, 0h
-4082, 8430, 87, 0h
-3009, 7355, 88, 0h
-3005, 8424, 90, 0h
0, 2, 5
-4082, 10009, 89, 0h
-4078, 11084, 88, 0h
-3000, 10005, 92, 0h
-3001, 11080, 85, 0h
0, 3, 5
-4076, 12659, 88, 0h
-4074, 13743, 89, 0h
-2998, 12658, 88, 0h
-2996, 13739, 87, 0h
0, 4, 5
-4071, 15316, 89, 0h
-4072, 16390, 80, 0h
-2991, 15316, 91, 0h
-2990, 16390, 86, 0h
0, 5, 5
-4068, 17966, 84, 0h
-4063, 19048, 87, 0h
-2989, 17969, 89, 0h
-2990, 19042, 87, 0h
0, 6, 5
-4063, 20625, 91, 0h
-4061, 21702, 87, 0h
-2988, 20623, 91, 0h
-2984, 21694, 89, 0h
0, 7, 5
-4060, 23281, 86, 0h
-4055, 24357, 89, 0h
-2982, 23280, 90, 0h
-2984, 24357, 87, 0h
0, 8, 5
-4056, 25941, 90, 0h
-4053, 27011, 89, 0h
-2981, 25937, 91, 0h
-2978, 27007, 90, 0h
0, 9, 5
-4056, 28589, 87, 0h
-4050, 29665, 90, 0h
-2972, 28586, 89, 0h
-2973, 29659, 91, 0h
0, 10, 5
-4052, 31246, 89, 0h
-4051, 32322, 90, 0h
-2973, 31242, 86, 0h
-2970, 32321, 86, 0h
0, 11, 5
-4046, 33902, 86, 0h
-4048, 34976, 91, 0h
-2971, 33898, 91, 0h
-2967, 34973, 89, 0h
0, 12, 23
-4041, 36556, 86, 0h
-4040, 37627, 87, 0h
-2966, 36555, 89, 0h
-2963, 37627, 87, 0h
0, 13, 23
-4036, 39209, 88, 0h
-4037, 40285, 85, 0h
-2965, 39209, 88, 0h
-2961, 40284, 91, 0h
0, 14, 5
-4036, 41862, 89, 0h
-4031, 42936, 87, 0h
-2963, 41860, 92, 0h
-2960, 42935, 87, 0h
0, 15, 5
-4035, 44524, 90, 0h
-4030, 45596, 89, 0h
-2955, 44523, 89, 0h
-2957, 45598, 88, 0h
0, 16, 5
-4033, 47174, 89, 0h
-4030, 48248, 92, 0h
-2958, 47174, 88, 0h
-2954, 48248, 88, 0h
0, 17, 5
-4026, 49821, 86, 0h
-4025, 50900, 90, 0h
-2954, 49818, 92, 0h
-2951, 50897, 89, 0h
0, 18, 5
-4029, 52474, 92, 0h
-4028, 53558, 93, 0h
-2954, 52474, 89, 0h
-2950, 53557, 86, 0h
0, 19, 5
-4023, 55134, 90, 0h
-4023, 56210, 89, 0h
-2948, 55132, 91, 0h
-2950, 56203, 93, 0h
0, 20, 5
-4021, 57782, 90, 0h
-4018, 58860, 91, 0h
-2942, 57782, 88, 0h
-2945, 58856, 88, 0h
0, 21, 5
-4020, 60438, 86, 0h
-4021, 61513, 91, 0h
-2943, 60438, 88, 0h
-2938, 61509, 89, 0h
0, 22, 5
-4016, 63090, 90, 0h
-4014, 64164, 91, 0h
-2940, 63086, 89, 0h
-2937, 64164, 90, 0h
0, 23, 5
-4016, 65742, 90, 0h
-4014, 66814, 89, 0h
-2937, 65740, 86, 0h
-2940, 66813, 92, 0h
0, 24, 5
-4014, 68396, 91, 0h
-4010, 69468, 96, 0h
-2938, 68391, 93, 0h
-2938, 69466, 87, 0h
0, 25, 23
-4011, 71049, 91, 0h
-4010, 72126, 88, 0h
-2934, 71052, 92, 0h
-2932, 72126, 88, 0h
0, 26, 5
-4011, 73700, 89, 0h
-4007, 74774, 89, 0h
-2933, 73698, 93, 0h
-2936, 74770, 91, 0h
0, 27, 5
-4010, 76352, 92, 0h
-4010, 77426, 89, 0h
-2931, 76353, 92, 0h
-2930, 77424, 90, 0h
0, 28, 5
-4009, 79005, 87, 0h
-4009, 80080, 88, 0h
-2930, 79004, 88, 0h
-2930, 80083, 88, 0h
0, 29, 5
-4007, 81656, 89, 0h
-4004, 82730, 91, 0h
-2928, 81655, 87, 0h
-2926, 82732, 90, 0h
0, 30, 5
-4013, 84307, 91, 0h
-4007, 85382, 88, 0h
-2929, 84307, 93, 0h
-2927, 85385, 89, 0h
0, 31, 5
-4007, 86966, 92, 0h
-4004, 88040, 92, 0h
-2928, 86963, 89, 0h
-2925, 88037, 90, 0h
1, 0, 23
-573, 4689, 91, 0h
-575, 5767, 89, 0h
505, 4685, 90, 0h
505, 5764, 86, 0h
1, 1, 2
-573, 7356, 86, 0h
-575, 8430, 87, 0h
505, 7355, 60, 168h
505, 8424, 87, 0h
1, 2, 5
-570, 9999, 92, 0h
-570, 11077, 88, 0h
512, 9998, 91, 0h
514, 11074, 88, 0h
1, 3, 5
-566, 12657, 87, 0h
-560, 13733, 89, 0h
510, 12653, 90, 0h
512, 13728, 88, 0h
1, 4, 5
-561, 15308, 87, 0h
-564, 16388, 86, 0h
515, 15306, 89, 0h
513, 16379, 87, 0h
1, 5, 5
-557, 17962, 87, 0h
-554, 19042, 90, 0h
521, 17959, 90, 0h
522, 19036, 89, 0h
1, 6, 5
-557, 20614, 87, 0h
-552, 21695, 88, 0h
518, 20618, 91, 0h
517, 21693, 90, 0h
1, 7, 5
-549, 23273, 86, 0h
-547, 24350, 89, 0h
521, 23274, 88, 0h
523, 24349, 93, 0h
1, 8, 5
-551, 25930, 88, 0h
-545, 26998, 92, 0h
526, 25923, 93, 0h
532, 26993, 90, 0h
1, 9, 23
-544, 28579, 91, 0h
-544, 29654, 90, 0h
538, 28577, 93, 0h
535, 29649, 91, 0h
1, 10, 5
-541, 31237, 88, 0h
-542, 32313, 91, 0h
535, 31233, 91, 0h
535, 32312, 89, 0h
1, 11, 5
-541, 33891, 91, 0h
-539, 34965, 90, 0h
533, 33889, 90, 0h
537, 34966, 90, 0h
1, 12, 5
-534, 36547, 87, 0h
-533, 37619, 93, 0h
532, 36543, 89, 0h
536, 37614, 93, 0h
1, 13, 5
-529, 39200, 87, 0h
-531, 40276, 89, 0h
541, 39202, 89, 0h
546, 40273, 91, 0h
1, 14, 5
-530, 41853, 87, 0h
-530, 42928, 90, 0h
540, 41851, 92, 0h
544, 42928, 90, 0h
1, 15, 5
-532, 44510, 88, 0h
-529, 45589, 92, 0h
546, 44507, 88, 0h
552, 45585, 92, 0h
1, 16, 2
-532, 47174, 90, 0h
-529, 48248, 87, 0h
546, 47174, 65, 168h
552, 48248, 90, 0h
1, 17, 23
-520, 49815, 93, 0h
-523, 50888, 95, 0h
544, 49810, 92, 0h
548, 50888, 92, 0h
1, 18, 5
-525, 52464, 89, 0h
-518, 53547, 87, 0h
552, 52465, 92, 0h
561, 53542, 92, 0h
1, 19, 5
-517, 55125, 90, 0h
-515, 56201, 88, 0h
556, 55122, 90, 0h
557, 56196, 92, 0h
1, 20, 5
-511, 57772, 91, 0h
-513, 58850, 89, 0h
566, 57773, 93, 0h
560, 58846, 90, 0h
1, 21, 5
-512, 60428, 91, 0h
-512, 61500, 88, 0h
560, 60427, 90, 0h
562, 61500, 90, 0h
1, 22, 23
-511, 63082, 90, 0h
-509, 64158, 92, 0h
564, 63079, 88, 0h
565, 64156, 92, 0h
1, 23, 5
-508, 65732, 92, 0h
-508, 66812, 93, 0h
563, 65734, 93, 0h
565, 66806, 93, 0h
1, 24, 5
-512, 68384, 92, 0h
-509, 69459, 90, 0h
562, 68379, 89, 0h
563, 69461, 90, 0h
1, 25, 5
-502, 71036, 84, 0h
-501, 72116, 87, 0h
570, 71036, 91, 0h
572, 72113, 92, 0h
1, 26, 5
-507, 73689, 92, 0h
-499, 74767, 89, 0h
569, 73689, 93, 0h
568, 74765, 90, 0h
1, 27, 5
-499, 76342, 90, 0h
-503, 77420, 92, 0h
576, 76340, 91, 0h
575, 77414, 87, 0h
1, 28, 5
-500, 78992, 85, 0h
-500, 80069, 88, 0h
575, 78992, 91, 0h
581, 80062, 91, 0h
1, 29, 23
-501, 81645, 89, 0h
-498, 82718, 91, 0h
577, 81644, 92, 0h
578, 82722, 91, 0h
1, 30, 5
-498, 84295, 89, 0h
-497, 85376, 89, 0h
581, 84297, 92, 0h
581, 85373, 88, 0h
1, 31, 5
-498, 86953, 88, 0h
-495, 88028, 86, 0h
579, 86951, 91, 0h
583, 88029, 92, 0h
2, 0, 23
2939, 4696, 85, 0h
2940, 5773, 86, 0h
4019, 4694, 90, 0h
4019, 5773, 88, 0h
2, 1, 23
2946, 7349, 87, 0h
2943, 8426, 86, 0h
4020, 7347, 92, 0h
4021, 8422, 87, 0h
2, 2, 5
2946, 10000, 91, 0h
2946, 11077, 85, 0h
4022, 10000, 88, 0h
4025, 11079, 85, 0h
2, 3, 5
2950, 12655, 86, 0h
2944, 13731, 91, 0h
4024, 12654, 87, 0h
4020, 13730, 88, 0h
2, 4, 5
2947, 15313, 89, 0h
2950, 16388, 89, 0h
4023, 15311, 87, 0h
4025, 16386, 88, 0h
2, 5, 5
2954, 17966, 90, 0h
2952, 19038, 89, 0h
4032, 17961, 90, 0h
4029, 19037, 88, 0h
2, 6, 5
2955, 20619, 91, 0h
2955, 21692, 86, 0h
4030, 20618, 88, 0h
4029, 21690, 91, 0h
2, 7, 5
2955, 23278, 91, 0h
2959, 24356, 90, 0h
4031, 23275, 91, 0h
4035, 24352, 89, 0h
2, 8, 5
2961, 25937, 91, 0h
2961, 27011, 92, 0h
4032, 25937, 87, 0h
4041, 27006, 94, 0h
2, 9, 5
2963, 28583, 88, 0h
2963, 29658, 90, 0h
4038, 28580, 87, 0h
4039, 29657, 92, 0h
2, 10, 5
2965, 31235, 89, 0h
2964, 32313, 89, 0h
4041, 31233, 89, 0h
4044, 32310, 89, 0h
2, 11, 5
2965, 33894, 90, 0h
2964, 34969, 92, 0h
4046, 33894, 90, 0h
4041, 34966, 91, 0h
2, 12, 2
2965, 36547, 55, 168h
2964, 37619, 0, 64h
4046, 36543, 0, 64h
4041, 37614, 0, 64h
2, 13, 23
2973, 39207, 89, 0h
2975, 40280, 90, 0h
4050, 39205, 88, 0h
4050, 40277, 90, 0h
2, 14, 5
2979, 41860, 94, 0h
2979, 42933, 91, 0h
4052, 41855, 92, 0h
4052, 42931, 92, 0h
2, 15, 5
2977, 44516, 88, 0h
2982, 45594, 92, 0h
4058, 44515, 90, 0h
4059, 45591, 90, 0h
2, 16, 5
2983, 47165, 89, 0h
2986, 48242, 88, 0h
4057, 47167, 87, 0h
4061, 48239, 89, 0h
2, 17, 23
2983, 49817, 87, 0h
2985, 50889, 93, 0h
4060, 49817, 90, 0h
4060, 50891, 90, 0h
2, 18, 5
2984, 52471, 88, 0h
2991, 53548, 91, 0h
4058, 52467, 90, 0h
4064, 53550, 88, 0h
2, 19, 5
2990, 55125, 91, 0h
2992, 56203, 88, 0h
4069, 55124, 91, 0h
4064, 56197, 91, 0h
2, 20, 5
2986, 57769, 90, 0h
2993, 58850, 90, 0h
4064, 57770, 91, 0h
4070, 58848, 89, 0h
2, 21, 5
2994, 60431, 91, 0h
2993, 61505, 88, 0h
4070, 60429, 91, 0h
4067, 61502, 91, 0h
2, 22, 5
2994, 63083, 91, 0h
2994, 64155, 87, 0h
4068, 63083, 90, 0h
4073, 64155, 91, 0h
2, 23, 5
2994, 65736, 90, 0h
3002, 66808, 90, 0h
4071, 65736, 89, 0h
4074, 66808, 91, 0h
2, 24, 5
3001, 68388, 91, 0h
3002, 69466, 88, 0h
4080, 68388, 89, 0h
4078, 69460, 90, 0h
2, 25, 5
3006, 71048, 91, 0h
3008, 72122, 92, 0h
4081, 71045, 90, 0h
4081, 72120, 89, 0h
2, 26, 5
3005, 73695, 87, 0h
3009, 74770, 90, 0h
4085, 73692, 92, 0h
4081, 74764, 92, 0h
2, 27, 5
3004, 76341, 90, 0h
3004, 77417, 86, 0h
4083, 76339, 90, 0h
4085, 77415, 91, 0h
2, 28, 5
3003, 78994, 90, 0h
3008, 80073, 92, 0h
4087, 78991, 91, 0h
4087, 80072, 89, 0h
2, 29, 23
3010, 81649, 91, 0h
3011, 82720, 87, 0h
4090, 81646, 89, 0h
4094, 82718, 91, 0h
2, 30, 5
3014, 84298, 88, 0h
3018, 85374, 88, 0h
4095, 84296, 93, 0h
4092, 85373, 90, 0h
2, 31, 23
3014, 86951, 88, 0h
3019, 88029, 90, 0h
4097, 86948, 90, 0h
4100, 88026, 92, 0h
3, 0, 23
6450, 4687, 87, 0h
6447, 5765, 87, 0h
7532, 4687, 86, 0h
7528, 5762, 86, 0h
3, 1, 23
6456, 7341, 84, 0h
6456, 8417, 87, 0h
7531, 7337, 86, 0h
7535, 8418, 90, 0h
3, 2, 5
6455, 9992, 89, 0h
6459, 11069, 89, 0h
7533, 9995, 89, 0h
7535, 11070, 87, 0h
3, 3, 5
6452, 12649, 88, 0h
6454, 13724, 90, 0h
7532, 12650, 92, 0h
7530, 13723, 89, 0h
3, 4, 5
6457, 15304, 94, 0h
6456, 16379, 87, 0h
7532, 15303, 90, 0h
7534, 16377, 89, 0h
3, 5, 5
6459, 17952, 89, 0h
6460, 19030, 90, 0h
7541, 17953, 90, 0h
7536, 19028, 89, 0h
3, 6, 5
6460, 20609, 92, 0h
6460, 21686, 86, 0h
7541, 20606, 89, 0h
7537, 21683, 91, 0h
3, 7, 5
6461, 23269, 88, 0h
6466, 24344, 88, 0h
7540, 23265, 89, 0h
7545, 24342, 92, 0h
3, 8, 5
6464, 25923, 94, 0h
6466, 26994, 90, 0h
7541, 25918, 91, 0h
7545, 26994, 89, 0h
3, 9, 5
6472, 28573, 91, 0h
6470, 29649, 91, 0h
7547, 28568, 91, 0h
7546, 29646, 92, 0h
3, 10, 5
6473, 31229, 89, 0h
6470, 32306, 89, 0h
7546, 31224, 91, 0h
7549, 32304, 92, 0h
3, 11, 5
6469, 33885, 90, 0h
6472, 34959, 85, 0h
7550, 33883, 91, 0h
7550, 34958, 93, 0h
3, 12, 5
6475, 36540, 89, 0h
6476, 37619, 88, 0h
7553, 36538, 92, 0h
7558, 37611, 91, 0h
3, 13, 23
6477, 39197, 90, 0h
6476, 40266, 88, 0h
7558, 39191, 90, 0h
7554, 40264, 91, 0h
3, 14, 5
6479, 41850, 88, 0h
6481, 42925, 91, 0h
7557, 41845, 92, 0h
7555, 42921, 91, 0h
3, 15, 5
6479, 44503, 89, 0h
6480, 45579, 88, 0h
7559, 44501, 91, 0h
7560, 45578, 89, 0h
3, 16, 5
6484, 47156, 89, 0h
6482, 48234, 89, 0h
7558, 47156, 90, 0h
7560, 48228, 89, 0h
3, 17, 5
6484, 49803, 91, 0h
6487, 50878, 89, 0h
7564, 49803, 92, 0h
7565, 50881, 91, 0h
3, 18, 5
6488, 52456, 89, 0h
6496, 53537, 90, 0h
7567, 52454, 91, 0h
7568, 53533, 91, 0h
3, 19, 5
6492, 55113, 93, 0h
6495, 56189, 91, 0h
7568, 55115, 91, 0h
7566, 56191, 88, 0h
3, 20, 5
6495, 57765, 91, 0h
6497, 58841, 92, 0h
7572, 57763, 91, 0h
7573, 58839, 89, 0h
3, 21, 5
6500, 60419, 89, 0h
6501, 61496, 90, 0h
7575, 60417, 92, 0h
7573, 61495, 92, 0h
3, 22, 5
6502, 63077, 88, 0h
6500, 64148, 90, 0h
7575, 63074, 92, 0h
7578, 64145, 90, 0h
3, 23, 5
6503, 65727, 90, 0h
6507, 66804, 88, 0h
7577, 65729, 91, 0h
7583, 66802, 92, 0h
3, 24, 2
6503, 68388, 90, 0h
6507, 69466, 87, 0h
7577, 68388, 62, 168h
7583, 69460, 90, 0h
3, 25, 5
6508, 71032, 92, 0h
6511, 72106, 90, 0h
7587, 71030, 90, 0h
7587, 72105, 90, 0h
3, 26, 5
6508, 73685, 88, 0h
6509, 74758, 88, 0h
7587, 73684, 90, 0h
7586, 74757, 89, 0h
3, 27, 5
6511, 76333, 91, 0h
6513, 77405, 89, 0h
7593, 76330, 90, 0h
7589, 77406, 88, 0h
3, 28, 5
6511, 78980, 88, 0h
6518, 80059, 87, 0h
7593, 78980, 91, 0h
7597, 80055, 91, 0h
3, 29, 5
6518, 81638, 90, 0h
6519, 82709, 90, 0h
7595, 81635, 88, 0h
7595, 82709, 91, 0h
3, 30, 23
6526, 84287, 89, 0h
6526, 85363, 88, 0h
7603, 84286, 89, 0h
7600, 85358, 89, 0h
3, 31, 5
6523, 86936, 87, 0h
6529, 88017, 92, 0h
7602, 86936, 92, 0h
7606, 88016, 89, 0h
4, 0, 5
9965, 4693, 88, 0h
9968, 5773, 85, 0h
11044, 4694, 91, 0h
11039, 5770, 89, 0h
4, 1, 23
9963, 7350, 87, 0h
9966, 8424, 89, 0h
11046, 7350, 88, 0h
11042, 8426, 91, 0h
4, 2, 5
9966, 9997, 88, 0h
9967, 11074, 87, 0h
11044, 10001, 87, 0h
11044, 11071, 86, 0h
4, 3, 5
9967, 12645, 88, 0h
9966, 13734, 89, 0h
11044, 12650, 91, 0h
11049, 13730, 89, 0h
4, 4, 5
9966, 15305, 92, 0h
9971, 16382, 89, 0h
11045, 15305, 89, 0h
11046, 16380, 92, 0h
4, 5, 5
9973, 17962, 88, 0h
9975, 19039, 91, 0h
11053, 17960, 85, 0h
11048, 19036, 87, 0h
4, 6, 5
9971, 20613, 89, 0h
9974, 21686, 90, 0h
11048, 20610, 91, 0h
11050, 21687, 88, 0h
4, 7, 5
9974, 23269, 90, 0h
9973, 24347, 90, 0h
11052, 23271, 91, 0h
11049, 24343, 92, 0h
4, 8, 5
9976, 25921, 96, 0h
9979, 26999, 86, 0h
11053, 25922, 91, 0h
11058, 26995, 91, 0h
4, 9, 5
9979, 28575, 87, 0h
9980, 29650, 92, 0h
11055, 28576, 90, 0h
11056, 29648, 91, 0h
4, 10, 5
9980, 31229, 92, 0h
9981, 32311, 89, 0h
11055, 31234, 92, 0h
11060, 32311, 88, 0h
4, 11, 5
9977, 33884, 89, 0h
9982, 34963, 90, 0h
11057, 33884, 91, 0h
11059, 34958, 91, 0h
4, 12, 5
9988, 36541, 95, 0h
9988, 37619, 94, 0h
11064, 36541, 92, 0h
11061, 37618, 91, 0h
4, 13, 5
9989, 39194, 87, 0h
9989, 40278, 96, 0h
11061, 39196, 89, 0h
11060, 40274, 96, 0h
4, 14, 5
9986, 41849, 91, 0h
9991, 42926, 91, 0h
11063, 41849, 88, 0h
11062, 42925, 91, 0h
4, 15, 5
9992, 44505, 90, 0h
9991, 45583, 89, 0h
11068, 44502, 90, 0h
11067, 45581, 89, 0h
4, 16, 5
9989, 47162, 91, 0h
9994, 48238, 92, 0h
11068, 47159, 90, 0h
11067, 48240, 94, 0h
4, 17, 2
9989, 49803, 57, 168h
9994, 50878, 0, 64h
11068, 49803, 0, 64h
11067, 50881, 0, 64h
4, 18, 5
10000, 52465, 88, 0h
10003, 53542, 91, 0h
11069, 52466, 91, 0h
11079, 53543, 91, 0h
4, 19, 5
10003, 55119, 92, 0h
10005, 56195, 92, 0h
11082, 55120, 91, 0h
11079, 56194, 91, 0h
4, 20, 5
10000, 57772, 91, 0h
10005, 58848, 91, 0h
11077, 57773, 90, 0h
11083, 58848, 91, 0h
4, 21, 5
10004, 60425, 92, 0h
10005, 61499, 91, 0h
11084, 60423, 91, 0h
11084, 61496, 92, 0h
4, 22, 5
10007, 63078, 90, 0h
10011, 64156, 90, 0h
11088, 63076, 89, 0h
11089, 64150, 90, 0h
4, 23, 5
10010, 65734, 89, 0h
10016, 66809, 90, 0h
11088, 65730, 90, 0h
11094, 66808, 91, 0h
4, 24, 5
10017, 68387, 91, 0h
10016, 69461, 96, 0h
11091, 68384, 94, 0h
11093, 69459, 91, 0h
4, 25, 5
10018, 71041, 92, 0h
10022, 72116, 91, 0h
11096, 71038, 89, 0h
11095, 72114, 91, 0h
4, 26, 5
10023, 73687, 91, 0h
10025, 74762, 89, 0h
11099, 73688, 92, 0h
11098, 74763, 89, 0h
4, 27, 5
10019, 76334, 91, 0h
10023, 77409, 90, 0h
11101, 76333, 91, 0h
11102, 77409, 87, 0h
4, 28, 5
10024, 78988, 96, 0h
10028, 80069, 92, 0h
11104, 78983, 91, 0h
11107, 80066, 87, 0h
4, 29, 2
10024, 81638, 91, 0h
10028, 82709, 90, 0h
11104, 81635, 61, 168h
11107, 82709, 89, 0h
4, 30, 5
10031, 84289, 90, 0h
10029, 85364, 88, 0h
11111, 84289, 89, 0h
11113, 85363, 91, 0h
4, 31, 5
10035, 86937, 89, 0h
10039, 88017, 91, 0h
11119, 86938, 91, 0h
11116, 88015, 89, 0h
5, 0, 5
13474, 4686, 86, 0h
13477, 5762, 89, 0h
14556, 4684, 91, 0h
14553, 5762, 90, 0h
5, 1, 23
13475, 7344, 86, 0h
13476, 8415, 90, 0h
14555, 7342, 91, 0h
14556, 8418, 91, 0h
5, 2, 23
13479, 9988, 88, 0h
13480, 11066, 87, 0h
14560, 9994, 92, 0h
14558, 11064, 87, 0h
5, 3, 5
13483, 12643, 89, 0h
13480, 13723, 91, 0h
14560, 12644, 91, 0h
14558, 13721, 91, 0h
5, 4, 5
13479, 15300, 90, 0h
13483, 16374, 88, 0h
14560, 15300, 87, 0h
14558, 16368, 94, 0h
5, 5, 23
13485, 17949, 88, 0h
13488, 19025, 88, 0h
14566, 17949, 91, 0h
14560, 19023, 89, 0h
5, 6, 5
13483, 20602, 90, 0h
13487, 21682, 92, 0h
14564, 20601, 93, 0h
14563, 21676, 90, 0h
5, 7, 5
13485, 23262, 92, 0h
13486, 24338, 90, 0h
14562, 23263, 91, 0h
14559, 24333, 91, 0h
5, 8, 5
13487, 25916, 89, 0h
13487, 26993, 88, 0h
14562, 25914, 92, 0h
14567, 26991, 91, 0h
5, 9, 5
13490, 28565, 88, 0h
13493, 29643, 93, 0h
14568, 28567, 92, 0h
14567, 29640, 92, 0h
5, 10, 5
13491, 31221, 92, 0h
13491, 32302, 92, 0h
14564, 31222, 91, 0h
14566, 32300, 90, 0h
5, 11, 5
13488, 33875, 92, 0h
13493, 34955, 89, 0h
14565, 33880, 91, 0h
14568, 34953, 91, 0h
5, 12, 2
13488, 36541, 88, 0h
13493, 37619, 87, 0h
14565, 36541, 60, 168h
14568, 37618, 89, 0h
5, 13, 23
13498, 39186, 89, 0h
13494, 40263, 92, 0h
14570, 39185, 91, 0h
14569, 40261, 92, 0h
5, 14, 5
13493, 41840, 91, 0h
13500, 42918, 90, 0h
14576, 41840, 94, 0h
14572, 42917, 92, 0h
5, 15, 5
13498, 44496, 92, 0h
13502, 45574, 89, 0h
14580, 44495, 91, 0h
14577, 45574, 92, 0h
5, 16, 5
13502, 47153, 90, 0h
13503, 48227, 88, 0h
14581, 47151, 92, 0h
14579, 48227, 91, 0h
5, 17, 5
13500, 49802, 90, 0h
13506, 50876, 88, 0h
14582, 49802, 91, 0h
14584, 50875, 92, 0h
5, 18, 5
13505, 52451, 89, 0h
13509, 53529, 88, 0h
14579, 52451, 91, 0h
14587, 53533, 94, 0h
5, 19, 5
13511, 55113, 90, 0h
13512, 56190, 92, 0h
14588, 55110, 92, 0h
14589, 56186, 91, 0h
5, 20, 5
13511, 57762, 90, 0h
13513, 58838, 91, 0h
14585, 57762, 91, 0h
14587, 58839, 92, 0h
5, 21, 5
13507, 60419, 89, 0h
13513, 61492, 91, 0h
14591, 60416, 92, 0h
14588, 61492, 88, 0h
5, 22, 5
13515, 63068, 91, 0h
13517, 64150, 89, 0h
14594, 63069, 94, 0h
14594, 64141, 91, 0h
5, 23, 5
13518, 65725, 90, 0h
13517, 66793, 92, 0h
14594, 65725, 94, 0h
14598, 66792, 94, 0h
5, 24, 5
13519, 68374, 92, 0h
13521, 69451, 89, 0h
14593, 68369, 94, 0h
14598, 69445, 90, 0h
5, 25, 5
13518, 71022, 89, 0h
13522, 72102, 92, 0h
14597, 71022, 92, 0h
14600, 72100, 91, 0h
5, 26, 5
13527, 73680, 92, 0h
13526, 74756, 92, 0h
14605, 73677, 91, 0h
14605, 74755, 89, 0h
5, 27, 5
13528, 76328, 92, 0h
13527, 77404, 92, 0h
14607, 76323, 91, 0h
14607, 77399, 91, 0h
5, 28, 5
13529, 78978, 91, 0h
13535, 80057, 89, 0h
14606, 78975, 87, 0h
14616, 80051, 92, 0h
5, 29, 5
13541, 81628, 91, 0h
13539, 82703, 88, 0h
14616, 81628, 93, 0h
14616, 82703, 90, 0h
5, 30, 5
13543, 84281, 91, 0h
13540, 85354, 90, 0h
14621, 84278, 94, 0h
14619, 85353, 92, 0h
5, 31, 5
13543, 86927, 90, 0h
13547, 88004, 88, 0h
14623, 86928, 90, 0h
14623, 88006, 91, 0h
6, 0, 23
16992, 4688, 90, 0h
16996, 5771, 90, 0h
18074, 4692, 93, 0h
18073, 5766, 87, 0h
6, 1, 5
16993, 7346, 86, 0h
16995, 8420, 91, 0h
18073, 7342, 92, 0h
18071, 8417, 92, 0h
6, 2, 5
16996, 9995, 91, 0h
16993, 11068, 91, 0h
18075, 9993, 91, 0h
18075, 11069, 90, 0h
6, 3, 5
16994, 12646, 85, 0h
16996, 13727, 91, 0h
18071, 12648, 86, 0h
18073, 13722, 88, 0h
6, 4, 5
16995, 15302, 92, 0h
16996, 16378, 90, 0h
18075, 15301, 93, 0h
18074, 16375, 90, 0h
6, 5, 5
17000, 17952, 91, 0h
16998, 19027, 92, 0h
18077, 17951, 89, 0h
18078, 19027, 92, 0h
6, 6, 5
16997, 20605, 90, 0h
16999, 21682, 92, 0h
18078, 20605, 92, 0h
18078, 21680, 91, 0h
6, 7, 5
16999, 23264, 93, 0h
16999, 24338, 91, 0h
18082, 23261, 91, 0h
18075, 24340, 91, 0h
6, 8, 5
16999, 25916, 91, 0h
17005, 26993, 89, 0h
18075, 25913, 92, 0h
18084, 26990, 90, 0h
6, 9, 5
17000, 28569, 89, 0h
17002, 29645, 92, 0h
18083, 28570, 91, 0h
18079, 29645, 93, 0h
6, 10, 5
17002, 31228, 94, 0h
17001, 32304, 92, 0h
18080, 31228, 92, 0h
18083, 32304, 92, 0h
6, 11, 5
17003, 33882, 90, 0h
17002, 34960, 93, 0h
18079, 33876, 91, 0h
18079, 34957, 91, 0h
6, 12, 5
17006, 36537, 89, 0h
17008, 37613, 89, 0h
18090, 36535, 91, 0h
18088, 37609, 89, 0h
6, 13, 5
17006, 39192, 89, 0h
17008, 40273, 91, 0h
18088, 39191, 92, 0h
18086, 40269, 91, 0h
6, 14, 5
17006, 41843, 92, 0h
17012, 42921, 90, 0h
18085, 41843, 91, 0h
18085, 42918, 92, 0h
6, 15, 5
17014, 44505, 87, 0h
17013, 45579, 89, 0h
18091, 44504, 94, 0h
18091, 45576, 92, 0h
6, 16, 5
17015, 47159, 91, 0h
17010, 48247, 97, 0h
18090, 47158, 92, 0h
18091, 48234, 92, 0h
6, 17, 5
17016, 49808, 91, 0h
17017, 50879, 93, 0h
18093, 49806, 93, 0h
18093, 50883, 91, 0h
6, 18, 5
17016, 52458, 90, 0h
17025, 53536, 90, 0h
18095, 52458, 94, 0h
18099, 53534, 92, 0h
6, 19, 5
17021, 55119, 90, 0h
17025, 56195, 93, 0h
18102, 55116, 91, 0h
18096, 56194, 92, 0h
6, 20, 5
17022, 57766, 92, 0h
17023, 58845, 90, 0h
18099, 57768, 92, 0h
18101, 58846, 91, 0h
6, 21, 5
17020, 60421, 92, 0h
17021, 61496, 92, 0h
18100, 60422, 93, 0h
18102, 61497, 94, 0h
6, 22, 5
17025, 63074, 90, 0h
17030, 64151, 91, 0h
18104, 63074, 92, 0h
18108, 64150, 92, 0h
6, 23, 5
17033, 65728, 90, 0h
17032, 66800, 91, 0h
18114, 65723, 97, 0h
18108, 66802, 92, 0h
6, 24, 5
17029, 68381, 93, 0h
17032, 69455, 91, 0h
18110, 68378, 90, 0h
18110, 69452, 91, 0h
6, 25, 5
17037, 71032, 92, 0h
17038, 72106, 89, 0h
18114, 71030, 93, 0h
18115, 72110, 92, 0h
6, 26, 5
17037, 73682, 91, 0h
17040, 74755, 92, 0h
18113, 73680, 92, 0h
18114, 74758, 88, 0h
6, 27, 5
17037, 76329, 91, 0h
17045, 77403, 93, 0h
18118, 76326, 92, 0h
18122, 77404, 91, 0h
6, 28, 5
17044, 78980, 92, 0h
17052, 80061, 91, 0h
18120, 78978, 90, 0h
18127, 80061, 90, 0h
6, 29, 5
17050, 81632, 92, 0h
17054, 82705, 92, 0h
18128, 81631, 92, 0h
18129, 82704, 91, 0h
6, 30, 5
17047, 84282, 89, 0h
17054, 85355, 90, 0h
18131, 84279, 91, 0h
18131, 85352, 90, 0h
6, 31, 5
17058, 86938, 92, 0h
17057, 88013, 91, 0h
18135, 86933, 93, 0h
18135, 88010, 92, 0h
7, 0, 5
20505, 4684, 87, 0h
20505, 5761, 91, 0h
21585, 4680, 89, 0h
21581, 5760, 86, 0h
7, 1, 5
20506, 7336, 92, 0h
20507, 8413, 92, 0h
21585, 7335, 91, 0h
21582, 8412, 91, 0h
7, 2, 5
20509, 9988, 92, 0h
20508, 11065, 92, 0h
21585, 9989, 91, 0h
21584, 11062, 89, 0h
7, 3, 5
20511, 12640, 90, 0h
20507, 13714, 91, 0h
21585, 12638, 91, 0h
21581, 13713, 89, 0h
7, 4, 5
20508, 15293, 90, 0h
20512, 16368, 91, 0h
21583, 15295, 91, 0h
21583, 16366, 91, 0h
7, 5, 5
20512, 17948, 89, 0h
20508, 19023, 91, 0h
21584, 17948, 92, 0h
21586, 19021, 89, 0h
7, 6, 5
20509, 20598, 89, 0h
20509, 21673, 88, 0h
21589, 20597, 93, 0h
21587, 21671, 91, 0h
7, 7, 5
20508, 23256, 92, 0h
20511, 24329, 90, 0h
21589, 23254, 91, 0h
21583, 24331, 91, 0h
7, 8, 5
20511, 25909, 92, 0h
20515, 26985, 87, 0h
21585, 25907, 91, 0h
21593, 26983, 90, 0h
7, 9, 5
20515, 28562, 87, 0h
20513, 29635, 91, 0h
21594, 28561, 93, 0h
21590, 29634, 92, 0h
7, 10, 5
20515, 31220, 91, 0h
20510, 32296, 88, 0h
21589, 31219, 95, 0h
21590, 32291, 91, 0h
7, 11, 5
20512, 33873, 90, 0h
20516, 34950, 93, 0h
21590, 33873, 94, 0h
21590, 34953, 89, 0h
7, 12, 5
20516, 36530, 91, 0h
20517, 37607, 93, 0h
21594, 36529, 88, 0h
21597, 37603, 94, 0h
7, 13, 5
20520, 39180, 90, 0h
20511, 40259, 89, 0h
21600, 39180, 93, 0h
21594, 40258, 94, 0h
7, 14, 5
20514, 41836, 93, 0h
20519, 42914, 91, 0h
21591, 41831, 90, 0h
21596, 42910, 91, 0h
7, 15, 5
20517, 44497, 92, 0h
20521, 45571, 90, 0h
21597, 44494, 89, 0h
21599, 45571, 92, 0h
7, 16, 2
20524, 47148, 91, 0h
20516, 48238, 101, 168h
21599, 47147, 94, 0h
21600, 48222, 91, 0h
7, 17, 5
20524, 49799, 91, 0h
20525, 50869, 90, 0h
21604, 49793, 92, 0h
21603, 50873, 92, 0h
7, 18, 5
20527, 52448, 91, 0h
20527, 53528, 88, 0h
21604, 52444, 89, 0h
21599, 53529, 92, 0h
7, 19, 5
20526, 55110, 92, 0h
20529, 56187, 90, 0h
21602, 55106, 91, 0h
21603, 56184, 92, 0h
7, 20, 2
20526, 57766, 91, 0h
20529, 58845, 92, 0h
21602, 57768, 64, 168h
21603, 58846, 91, 0h
7, 21, 5
20528, 60415, 90, 0h
20531, 61491, 90, 0h
21609, 60415, 94, 0h
21608, 61495, 90, 0h
7, 22, 5
20537, 63070, 91, 0h
20539, 64144, 89, 0h
21614, 63068, 92, 0h
21616, 64144, 92, 0h
7, 23, 5
20541, 65720, 94, 0h
20536, 66795, 92, 0h
21619, 65721, 91, 0h
21613, 66797, 91, 0h
7, 24, 5
20537, 68372, 95, 0h
20538, 69448, 91, 0h
21615, 68371, 94, 0h
21617, 69443, 92, 0h
7, 25, 2
20537, 71032, 91, 0h
20538, 72106, 91, 0h
21615, 71030, 63, 168h
21617, 72110, 92, 0h
7, 26, 2
20549, 73682, 89, 0h
20551, 74755, 91, 0h
21625, 73680, 61, 168h
21627, 74758, 91, 0h
7, 27, 5
20546, 76321, 92, 0h
20548, 77397, 91, 0h
21625, 76317, 94, 0h
21626, 77396, 93, 0h
7, 28, 5
20552, 78972, 91, 0h
20559, 80051, 94, 0h
21626, 78972, 93, 0h
21634, 80049, 91, 0h
7, 29, 5
20557, 81625, 89, 0h
20560, 82697, 89, 0h
21630, 81626, 90, 0h
21633, 82696, 88, 0h
7, 30, 5
20557, 84277, 93, 0h
20560, 85351, 95, 0h
21636, 84276, 92, 0h
21637, 85350, 90, 0h
7, 31, 5
20563, 86926, 91, 0h
20563, 88004, 91, 0h
21641, 86925, 91, 0h
21640, 88001, 91, 0h
8, 0, 5
24023, 4692, 90, 0h
24026, 5764, 86, 0h
25103, 4692, 90, 0h
25105, 5763, 91, 0h
8, 1, 23
24023, 7343, 89, 0h
24019, 8417, 90, 0h
25102, 7343, 92, 0h
25103, 8413, 88, 0h
8, 2, 5
24029, 9990, 86, 0h
24029, 11065, 92, 0h
25100, 9987, 88, 0h
25104, 11062, 89, 0h
8, 3, 2
24029, 12640, 53, 168h
24029, 13714, 0, 64h
25100, 12638, 0, 64h
25104, 13713, 0, 64h
8, 4, 5
24026, 15298, 90, 0h
24024, 16377, 90, 0h
25101, 15299, 91, 0h
25105, 16368, 91, 0h
8, 5, 5
24025, 17944, 90, 0h
24027, 19023, 90, 0h
25104, 17945, 91, 0h
25104, 19020, 90, 0h
8, 6, 5
24027, 20599, 91, 0h
24028, 21680, 90, 0h
25105, 20599, 91, 0h
25103, 21677, 91, 0h
8, 7, 23
24024, 23258, 88, 0h
24026, 24332, 90, 0h
25105, 23257, 89, 0h
25105, 24333, 92, 0h
8, 8, 5
24023, 25911, 91, 0h
24029, 26985, 89, 0h
25103, 25913, 92, 0h
25105, 26990, 90, 0h
8, 9, 5
24031, 28562, 93, 0h
24030, 29639, 91, 0h
25112, 28565, 92, 0h
25110, 29638, 90, 0h
8, 10, 5
24025, 31218, 91, 0h
24025, 32296, 87, 0h
25108, 31218, 92, 0h
25109, 32298, 93, 0h
8, 11, 5
24025, 33875, 93, 0h
24027, 34954, 91, 0h
25107, 33873, 92, 0h
25108, 34951, 91, 0h
8, 12, 5
24036, 36531, 91, 0h
24038, 37607, 91, 0h
25108, 36531, 91, 0h
25111, 37608, 90, 0h
8, 13, 5
24033, 39187, 88, 0h
24033, 40266, 92, 0h
25112, 39191, 89, 0h
25111, 40265, 92, 0h
8, 14, 5
24029, 41837, 88, 0h
24036, 42919, 92, 0h
25109, 41840, 95, 0h
25111, 42916, 91, 0h
8, 15, 5
24036, 44497, 92, 0h
24037, 45577, 93, 0h
25113, 44498, 92, 0h
25112, 45572, 91, 0h
8, 16, 5
24040, 47155, 91, 0h
24040, 48230, 92, 0h
25115, 47150, 91, 0h
25118, 48231, 93, 0h
8, 17, 5
24040, 49800, 89, 0h
24038, 50878, 92, 0h
25114, 49803, 91, 0h
25117, 50878, 92, 0h
8, 18, 5
24040, 52459, 89, 0h
24041, 53536, 90, 0h
25121, 52455, 92, 0h
25121, 53533, 91, 0h
8, 19, 5
24044, 55113, 90, 0h
24041, 56191, 92, 0h
25119, 55115, 90, 0h
25120, 56188, 92, 0h
8, 20, 5
24044, 57763, 92, 0h
24044, 58842, 91, 0h
25122, 57767, 92, 0h
25122, 58841, 90, 0h
8, 21, 5
24048, 60421, 89, 0h
24046, 61495, 96, 0h
25126, 60418, 92, 0h
25125, 61495, 90, 0h
8, 22, 5
24047, 63070, 92, 0h
24054, 64149, 91, 0h
25128, 63075, 92, 0h
25131, 64146, 91, 0h
8, 23, 5
24055, 65724, 90, 0h
24051, 66800, 92, 0h
25132, 65721, 93, 0h
25126, 66797, 93, 0h
8, 24, 5
24050, 68377, 92, 0h
24053, 69454, 92, 0h
25128, 68375, 93, 0h
25128, 69449, 92, 0h
8, 25, 5
24061, 71027, 92, 0h
24061, 72102, 95, 0h
25137, 71027, 91, 0h
25139, 72103, 89, 0h
8, 26, 5
24065, 73680, 93, 0h
24060, 74753, 89, 0h
25137, 73679, 95, 0h
25140, 74753, 91, 0h
8, 27, 5
24060, 76324, 92, 0h
24061, 77403, 95, 0h
25139, 76322, 95, 0h
25140, 77398, 92, 0h
8, 28, 5
24065, 78976, 91, 0h
24066, 80054, 91, 0h
25144, 78971, 93, 0h
25147, 80056, 90, 0h
8, 29, 5
24071, 81629, 90, 0h
24074, 82704, 93, 0h
25148, 81627, 90, 0h
25149, 82700, 89, 0h
8, 30, 5
24071, 84276, 91, 0h
24074, 85349, 87, 0h
25148, 84276, 92, 0h
25152, 85349, 89, 0h
8, 31, 5
24075, 86927, 87, 0h
24078, 88005, 88, 0h
25152, 86927, 91, 0h
25157, 88001, 95, 0h
9, 0, 5
27535, 4682, 89, 0h
27536, 5757, 90, 0h
28615, 4682, 90, 0h
28612, 5755, 92, 0h
9, 1, 23
27535, 7336, 91, 0h
27534, 8408, 89, 0h
28613, 7335, 92, 0h
28615, 8411, 91, 0h
9, 2, 5
27532, 9983, 92, 0h
27533, 11060, 86, 0h
28611, 9984, 91, 0h
28613, 11056, 88, 0h
9, 3, 5
27534, 12638, 91, 0h
27535, 13715, 88, 0h
28609, 12641, 90, 0h
28610, 13716, 91, 0h
9, 4, 5
27534, 15290, 91, 0h
27534, 16367, 87, 0h
28611, 15292, 91, 0h
28612, 16362, 89, 0h
9, 5, 5
27536, 17941, 90, 0h
27536, 19020, 92, 0h
28614, 17939, 92, 0h
28612, 19018, 89, 0h
9, 6, 5
27538, 20589, 88, 0h
27537, 21665, 87, 0h
28616, 20595, 91, 0h
28618, 21667, 90, 0h
9, 7, 5
27536, 23256, 89, 0h
27539, 24328, 91, 0h
28613, 23253, 92, 0h
28613, 24324, 90, 0h
9, 8, 5
27534, 25910, 90, 0h
27539, 26978, 93, 0h
28617, 25909, 92, 0h
28616, 26980, 90, 0h
9, 9, 5
27542, 28556, 90, 0h
27541, 29631, 91, 0h
28618, 28559, 92, 0h
28621, 29634, 92, 0h
9, 10, 5
27539, 31214, 90, 0h
27538, 32291, 88, 0h
28620, 31213, 89, 0h
28620, 32290, 90, 0h
9, 11, 23
27536, 33867, 90, 0h
27539, 34945, 90, 0h
28617, 33868, 92, 0h
28616, 34946, 91, 0h
9, 12, 2
27536, 36531, 60, 168h
27539, 37607, 0, 64h
28617, 36531, 0, 64h
28616, 37608, 0, 64h
9, 13, 5
27543, 39181, 89, 0h
27541, 40259, 89, 0h
28621, 39182, 90, 0h
28622, 40259, 91, 0h
9, 14, 5
27543, 41834, 91, 0h
27545, 42909, 90, 0h
28618, 41833, 91, 0h
28618, 42908, 90, 0h
9, 15, 5
27543, 44486, 90, 0h
27546, 45570, 91, 0h
28624, 44490, 92, 0h
28624, 45569, 93, 0h
9, 16, 2
27543, 47155, 89, 0h
27546, 48230, 90, 0h
28624, 47150, 61, 168h
28624, 48231, 87, 0h
9, 17, 5
27552, 49792, 91, 0h
27551, 50873, 89, 0h
28631, 49793, 95, 0h
28628, 50868, 94, 0h
9, 18, 5
27552, 52450, 91, 0h
27547, 53525, 88, 0h
28631, 52446, 91, 0h
28629, 53522, 89, 0h
9, 19, 5
27554, 55104, 89, 0h
27554, 56181, 90, 0h
28632, 55104, 92, 0h
28632, 56180, 92, 0h
9, 20, 5
27554, 57757, 90, 0h
27555, 58835, 90, 0h
28633, 57757, 93, 0h
28632, 58832, 91, 0h
9, 21, 5
27558, 60411, 89, 0h
27558, 61488, 94, 0h
28634, 60412, 91, 0h
28634, 61490, 92, 0h
9, 22, 5
27558, 63064, 96, 0h
27561, 64142, 89, 0h
28636, 63067, 93, 0h
28638, 64137, 91, 0h
9, 23, 5
27561, 65718, 90, 0h
27560, 66796, 88, 0h
28638, 65716, 95, 0h
28638, 66793, 93, 0h
9, 24, 5
27559, 68367, 91, 0h
27562, 69445, 93, 0h
28639, 68369, 93, 0h
28640, 69437, 94, 0h
9, 25, 5
27565, 71018, 93, 0h
27568, 72093, 92, 0h
28642, 71019, 94, 0h
28648, 72094, 92, 0h
9, 26, 5
27572, 73674, 92, 0h
27567, 74746, 91, 0h
28647, 73673, 91, 0h
28647, 74748, 91, 0h
9, 27, 5
27568, 76317, 92, 0h
27568, 77394, 90, 0h
28644, 76312, 93, 0h
28644, 77389, 88, 0h
9, 28, 5
27572, 78969, 88, 0h
27576, 80047, 89, 0h
28649, 78966, 90, 0h
28657, 80043, 92, 0h
9, 29, 5
27578, 81623, 89, 0h
27578, 82695, 89, 0h
28652, 81622, 91, 0h
28656, 82694, 92, 0h
9, 30, 5
27581, 84272, 91, 0h
27581, 85348, 90, 0h
28654, 84271, 91, 0h
28657, 85347, 90, 0h
9, 31, 5
27580, 86919, 93, 0h
27584, 87996, 91, 0h
28656, 86919, 92, 0h
28661, 87995, 91, 0h
10, 0, 5
31056, 4690, 92, 0h
31056, 5766, 91, 0h
32135, 4689, 89, 0h
32138, 5764, 91, 0h
10, 1, 5
31052, 7339, 87, 0h
31052, 8416, 90, 0h
32132, 7341, 91, 0h
32135, 8414, 91, 0h
10, 2, 5
31055, 9988, 91, 0h
31052, 11065, 88, 0h
32137, 9991, 94, 0h
32132, 11062, 91, 0h
10, 3, 5
31058, 12639, 89, 0h
31056, 13719, 93, 0h
32136, 12638, 94, 0h
32131, 13715, 99, 0h
10, 4, 23
31052, 15295, 92, 0h
31056, 16372, 87, 0h
32131, 15293, 92, 0h
32132, 16368, 89, 0h
10, 5, 5
31054, 17951, 88, 0h
31058, 19025, 91, 0h
32135, 17949, 89, 0h
32135, 19024, 91, 0h
10, 6, 5
31053, 20601, 95, 0h
31056, 21676, 91, 0h
32136, 20599, 90, 0h
32132, 21674, 89, 0h
10, 7, 5
31056, 23255, 92, 0h
31058, 24333, 91, 0h
32133, 23252, 92, 0h
32131, 24330, 90, 0h
10, 8, 5
31056, 25909, 90, 0h
31059, 26982, 92, 0h
32132, 25905, 90, 0h
32136, 26981, 89, 0h
10, 9, 5
31061, 28563, 92, 0h
31058, 29639, 92, 0h
32137, 28559, 92, 0h
32142, 29636, 97, 0h
10, 10, 5
31059, 31219, 94, 0h
31063, 32296, 95, 0h
32142, 31215, 92, 0h
32138, 32293, 91, 0h
10, 11, 23
31061, 33872, 97, 0h
31060, 34954, 97, 0h
32141, 33870, 93, 0h
32139, 34949, 89, 0h
10, 12, 5
31060, 36526, 91, 0h
31063, 37607, 95, 0h
32140, 36530, 94, 0h
32139, 37604, 88, 0h
10, 13, 5
31063, 39184, 91, 0h
31064, 40258, 94, 0h
32141, 39180, 93, 0h
32138, 40255, 90, 0h
10, 14, 5
31061, 41836, 91, 0h
31058, 42913, 92, 0h
32140, 41836, 94, 0h
32140, 42913, 91, 0h
10, 15, 23
31066, 44494, 90, 0h
31066, 45572, 90, 0h
32146, 44491, 91, 0h
32144, 45568, 90, 0h
10, 16, 5
31068, 47150, 92, 0h
31068, 48226, 93, 0h
32147, 47147, 91, 0h
32145, 48226, 91, 0h
10, 17, 5
31067, 49800, 96, 0h
31068, 50877, 95, 0h
32146, 49797, 94, 0h
32149, 50877, 91, 0h
10, 18, 5
31073, 52456, 98, 0h
31073, 53536, 93, 0h
32146, 52455, 91, 0h
32150, 53532, 94, 0h
10, 19, 23
31070, 55110, 91, 0h
31072, 56185, 95, 0h
32150, 55110, 90, 0h
32147, 56187, 91, 0h
10, 20, 5
31070, 57758, 91, 0h
31069, 58839, 96, 0h
32150, 57761, 92, 0h
32154, 58835, 93, 0h
10, 21, 5
31073, 60420, 88, 0h
31074, 61494, 93, 0h
32157, 60413, 92, 0h
32155, 61492, 90, 0h
10, 22, 5
31074, 63068, 93, 0h
31077, 64146, 90, 0h
32156, 63070, 92, 0h
32158, 64143, 94, 0h
10, 23, 5
31080, 65725, 92, 0h
31075, 66797, 92, 0h
32157, 65722, 93, 0h
32152, 66796, 93, 0h
10, 24, 5
31079, 68373, 92, 0h
31079, 69446, 93, 0h
32154, 68371, 92, 0h
32156, 69446, 87, 0h
10, 25, 5
31083, 71027, 92, 0h
31085, 72104, 91, 0h
32163, 71025, 94, 0h
32163, 72099, 91, 0h
10, 26, 5
31085, 73677, 92, 0h
31085, 74751, 90, 0h
32161, 73676, 92, 0h
32163, 74751, 90, 0h
10, 27, 5
31082, 76324, 90, 0h
31085, 77395, 88, 0h
32161, 76322, 92, 0h
32165, 77393, 89, 0h
10, 28, 5
31087, 78973, 93, 0h
31092, 80048, 91, 0h
32161, 78971, 92, 0h
32174, 80048, 90, 0h
10, 29, 5
31095, 81626, 95, 0h
31094, 82698, 88, 0h
32173, 81624, 91, 0h
32173, 82698, 92, 0h
10, 30, 5
31092, 84270, 92, 0h
31092, 85344, 89, 0h
32174, 84270, 91, 0h
32175, 85344, 91, 0h
10, 31, 5
31097, 86920, 92, 0h
31096, 88001, 88, 0h
32173, 86918, 93, 0h
32178, 87998, 93, 0h
11, 0, 5
34566, 4684, 87, 0h
34567, 5761, 88, 0h
35645, 4683, 90, 0h
35645, 5758, 92, 0h
11, 1, 23
34562, 7335, 91, 0h
34565, 8411, 87, 0h
35646, 7336, 91, 0h
35646, 8412, 91, 0h
11, 2, 5
34563, 9982, 88, 0h
34562, 11061, 88, 0h
35642, 9985, 91, 0h
35643, 11059, 91, 0h
11, 3, 5
34567, 12637, 87, 0h
34562, 13714, 90, 0h
35645, 12639, 92, 0h
35640, 13708, 92, 0h
11, 4, 5
34562, 15291, 89, 0h
34565, 16364, 91, 0h
35643, 15291, 92, 0h
35641, 16366, 94, 0h
11, 5, 5
34566, 17941, 92, 0h
34566, 19016, 91, 0h
35647, 17939, 89, 0h
35644, 19016, 91, 0h
11, 6, 5
34563, 20595, 88, 0h
34566, 21669, 89, 0h
35645, 20592, 91, 0h
35645, 21671, 91, 0h
11, 7, 5
34562, 23251, 91, 0h
34565, 24325, 89, 0h
35641, 23249, 92, 0h
35640, 24326, 91, 0h
11, 8, 5
34568, 25903, 92, 0h
34571, 26978, 90, 0h
35645, 25904, 92, 0h
35648, 26975, 92, 0h
11, 9, 5
34568, 28557, 90, 0h
34565, 29632, 89, 0h
35644, 28555, 94, 0h
35649, 29629, 91, 0h
11, 10, 5
34573, 31214, 90, 0h
34573, 32288, 91, 0h
35653, 31211, 92, 0h
35647, 32287, 92, 0h
11, 11, 5
34574, 33866, 90, 0h
34571, 34945, 88, 0h
35647, 33868, 93, 0h
35650, 34941, 92, 0h
11, 12, 5
34572, 36523, 88, 0h
34574, 37599, 95, 0h
35649, 36523, 90, 0h
35648, 37596, 92, 0h
11, 13, 2
34572, 39184, 60, 168h
34574, 40258, 0, 64h
35649, 39180, 0, 64h
35648, 40255, 0, 64h
11, 14, 5
34575, 41828, 93, 0h
34575, 42903, 90, 0h
35653, 41827, 95, 0h
35653, 42902, 92, 0h
11, 15, 5
34573, 44487, 88, 0h
34576, 45566, 93, 0h
35656, 44490, 93, 0h
35653, 45568, 93, 0h
11, 16, 5
34578, 47141, 89, 0h
34574, 48219, 92, 0h
35657, 47140, 92, 0h
35652, 48217, 92, 0h
11, 17, 5
34572, 49789, 91, 0h
34573, 50868, 92, 0h
35652, 49790, 93, 0h
35655, 50867, 92, 0h
11, 18, 5
34575, 52447, 92, 0h
34574, 53527, 91, 0h
35656, 52442, 91, 0h
35653, 53528, 90, 0h
11, 19, 5
34577, 55099, 95, 0h
34580, 56177, 92, 0h
35659, 55102, 91, 0h
35655, 56178, 89, 0h
11, 20, 5
34578, 57754, 90, 0h
34580, 58830, 88, 0h
35661, 57751, 92, 0h
35661, 58828, 90, 0h
11, 21, 5
34582, 60409, 91, 0h
34581, 61483, 91, 0h
35663, 60408, 93, 0h
35660, 61485, 89, 0h
11, 22, 5
34587, 63063, 94, 0h
34587, 64139, 92, 0h
35665, 63062, 92, 0h
35665, 64134, 92, 0h
11, 23, 5
34587, 65715, 92, 0h
34583, 66781, 90, 0h
35664, 65714, 94, 0h
35664, 66780, 92, 0h
11, 24, 5
34587, 68366, 91, 0h
34587, 69439, 88, 0h
35664, 68361, 94, 0h
35663, 69437, 92, 0h
11, 25, 5
34588, 71020, 91, 0h
34589, 72096, 91, 0h
35669, 71019, 91, 0h
35672, 72094, 94, 0h
11, 26, 5
34591, 73669, 92, 0h
34593, 74743, 90, 0h
35670, 73667, 92, 0h
35672, 74743, 91, 0h
11, 27, 5
34592, 76314, 90, 0h
34594, 77390, 92, 0h
35664, 76315, 95, 0h
35668, 77387, 92, 0h
11, 28, 5
34592, 78963, 91, 0h
34600, 80040, 93, 0h
35665, 78960, 94, 0h
35677, 80039, 92, 0h
11, 29, 5
34602, 81619, 92, 0h
34600, 82688, 95, 0h
35679, 81616, 91, 0h
35677, 82689, 91, 0h
11, 30, 5
34603, 84265, 91, 0h
34600, 85342, 90, 0h
35680, 84264, 94, 0h
35683, 85337, 88, 0h
11, 31, 5
34605, 86914, 89, 0h
34606, 87989, 89, 0h
35679, 86910, 93, 0h
35681, 87989, 91, 0h
12, 0, 5
38083, 4691, 87, 0h
38086, 5769, 92, 0h
39164, 4692, 91, 0h
39162, 5770, 88, 0h
12, 1, 5
38079, 7345, 90, 0h
38081, 8421, 93, 0h
39165, 7341, 96, 0h
39159, 8420, 91, 0h
12, 2, 5
38087, 9994, 88, 0h
38084, 11067, 89, 0h
39165, 9994, 92, 0h
39162, 11064, 91, 0h
12, 3, 5
38086, 12645, 90, 0h
38084, 13714, 91, 0h
39166, 12646, 92, 0h
39160, 13720, 91, 0h
12, 4, 23
38080, 15297, 92, 0h
38084, 16372, 92, 0h
39160, 15298, 92, 0h
39160, 16372, 90, 0h
12, 5, 5
38086, 17944, 90, 0h
38084, 19022, 93, 0h
39171, 17941, 91, 0h
39165, 19018, 92, 0h
12, 6, 5
38081, 20596, 92, 0h
38083, 21675, 92, 0h
39163, 20597, 92, 0h
39164, 21675, 93, 0h
12, 7, 5
38082, 23254, 91, 0h
38083, 24334, 92, 0h
39165, 23256, 93, 0h
39161, 24331, 90, 0h
12, 8, 23
38086, 25904, 92, 0h
38086, 26978, 89, 0h
39167, 25903, 93, 0h
39168, 26982, 91, 0h
12, 9, 5
38087, 28557, 91, 0h
38091, 29635, 95, 0h
39169, 28556, 92, 0h
39164, 29631, 91, 0h
12, 10, 5
38084, 31212, 93, 0h
38088, 32291, 91, 0h
39167, 31213, 90, 0h
39166, 32289, 90, 0h
12, 11, 5
38090, 33869, 93, 0h
38086, 34950, 92, 0h
39168, 33869, 94, 0h
39166, 34945, 92, 0h
12, 12, 5
38092, 36526, 92, 0h
38094, 37606, 90, 0h
39173, 36524, 91, 0h
39171, 37598, 89, 0h
12, 13, 5
38094, 39175, 93, 0h
38091, 40251, 93, 0h
39173, 39177, 91, 0h
39172, 40253, 92, 0h
12, 14, 5
38092, 41836, 91, 0h
38095, 42907, 91, 0h
39173, 41831, 93, 0h
39174, 42908, 91, 0h
12, 15, 23
38097, 44494, 93, 0h
38097, 45570, 93, 0h
39175, 44492, 92, 0h
39174, 45567, 84, 0h
12, 16, 5
38099, 47146, 97, 0h
38095, 48226, 91, 0h
39176, 47145, 91, 0h
39176, 48227, 93, 0h
12, 17, 5
38092, 49796, 92, 0h
38092, 50872, 91, 0h
39173, 49795, 92, 0h
39176, 50870, 91, 0h
12, 18, 5
38097, 52452, 95, 0h
38094, 53530, 90, 0h
39175, 52451, 91, 0h
39178, 53527, 93, 0h
12, 19, 5
38098, 55110, 90, 0h
38099, 56185, 93, 0h
39175, 55109, 90, 0h
39174, 56182, 91, 0h
12, 20, 5
38097, 57754, 94, 0h
38096, 58834, 95, 0h
39174, 57753, 92, 0h
39176, 58834, 92, 0h
12, 21, 5
38098, 60413, 91, 0h
38097, 61487, 92, 0h
39176, 60409, 92, 0h
39178, 61486, 92, 0h
12, 22, 5
38101, 63063, 92, 0h
38101, 64145, 91, 0h
39177, 63064, 92, 0h
39183, 64142, 92, 0h
12, 23, 5
38099, 65723, 91, 0h
38101, 66796, 94, 0h
39182, 65722, 92, 0h
39180, 66793, 91, 0h
12, 24, 5
38101, 68369, 92, 0h
38101, 69443, 92, 0h
39179, 68367, 92, 0h
39179, 69440, 91, 0h
12, 25, 5
38111, 71019, 91, 0h
38109, 72098, 93, 0h
39187, 71017, 91, 0h
39185, 72099, 91, 0h
12, 26, 5
38108, 73672, 92, 0h
38110, 74745, 90, 0h
39185, 73672, 93, 0h
39184, 74746, 92, 0h
12, 27, 5
38108, 76317, 93, 0h
38108, 77391, 94, 0h
39180, 76315, 92, 0h
39186, 77389, 91, 0h
12, 28, 5
38109, 78966, 95, 0h
38116, 80041, 91, 0h
39184, 78962, 91, 0h
39194, 80043, 89, 0h
12, 29, 5
38114, 81619, 92, 0h
38117, 82692, 96, 0h
39196, 81613, 92, 0h
39194, 82687, 92, 0h
12, 30, 5
38111, 84266, 95, 0h
38116, 85344, 89, 0h
39198, 84264, 95, 0h
39196, 85341, 94, 0h
12, 31, 5
38116, 86914, 91, 0h
38118, 87990, 91, 0h
39196, 86913, 92, 0h
39195, 87986, 97, 0h
13, 0, 5
41594, 4686, 87, 0h
41593, 5764, 87, 0h
42676, 4683, 93, 0h
42671, 5764, 89, 0h
13, 1, 5
41588, 7340, 87, 0h
41592, 8414, 92, 0h
42676, 7339, 91, 0h
42669, 8416, 93, 0h
13, 2, 5
41594, 9989, 91, 0h
41594, 11060, 93, 0h
42675, 9986, 92, 0h
42668, 11063, 91, 0h
13, 3, 5
41590, 12640, 90, 0h
41593, 13712, 89, 0h
42675, 12642, 91, 0h
42670, 13715, 90, 0h
13, 4, 5
41590, 15293, 89, 0h
41593, 16369, 87, 0h
42669, 15292, 90, 0h
42672, 16365, 92, 0h
13, 5, 23
41596, 17942, 90, 0h
41596, 19016, 91, 0h
42678, 17939, 92, 0h
42671, 19015, 90, 0h
13, 6, 5
41593, 20593, 88, 0h
41594, 21667, 89, 0h
42672, 20594, 94, 0h
42673, 21669, 90, 0h
13, 7, 5
41592, 23247, 88, 0h
41593, 24326, 90, 0h
42674, 23251, 92, 0h
42673, 24325, 91, 0h
13, 8, 5
41593, 25901, 90, 0h
41600, 26971, 89, 0h
42674, 25899, 91, 0h
42677, 26973, 89, 0h
13, 9, 23
41597, 28554, 95, 0h
41599, 29630, 92, 0h
42679, 28554, 94, 0h
42673, 29629, 91, 0h
13, 10, 5
41600, 31209, 91, 0h
41600, 32287, 92, 0h
42678, 31209, 92, 0h
42677, 32284, 90, 0h
13, 11, 5
41598, 33863, 89, 0h
41601, 34940, 90, 0h
42677, 33864, 92, 0h
42678, 34942, 93, 0h
13, 12, 5
41604, 36523, 92, 0h
41603, 37599, 89, 0h
42684, 36520, 92, 0h
42680, 37594, 89, 0h
13, 13, 5
41605, 39175, 91, 0h
41603, 40250, 90, 0h
42684, 39179, 93, 0h
42681, 40250, 90, 0h
13, 14, 5
41602, 41830, 91, 0h
41602, 42902, 97, 0h
42682, 41824, 92, 0h
42680, 42902, 91, 0h
13, 15, 23
41602, 44483, 90, 0h
41603, 45562, 90, 0h
42679, 44485, 92, 0h
42680, 45561, 92, 0h
13, 16, 5
41605, 47138, 90, 0h
41600, 48218, 87, 0h
42686, 47136, 92, 0h
42685, 48215, 93, 0h
13, 17, 5
41606, 49785, 92, 0h
41608, 50864, 91, 0h
42681, 49785, 93, 0h
42685, 50860, 91, 0h
13, 18, 5
41604, 52442, 90, 0h
41605, 53522, 87, 0h
42689, 52438, 92, 0h
42688, 53518, 90, 0h
13, 19, 5
41604, 55099, 89, 0h
41609, 56177, 88, 0h
42686, 55097, 94, 0h
42685, 56176, 91, 0h
13, 20, 5
41606, 57746, 91, 0h
41607, 58824, 92, 0h
42684, 57746, 93, 0h
42685, 58826, 89, 0h
13, 21, 5
41606, 60405, 96, 0h
41604, 61482, 91, 0h
42686, 60401, 92, 0h
42688, 61478, 90, 0h
13, 22, 5
41611, 63057, 89, 0h
41610, 64137, 93, 0h
42688, 63056, 91, 0h
42688, 64132, 92, 0h
13, 23, 5
41607, 65712, 92, 0h
41606, 66780, 90, 0h
42686, 65708, 95, 0h
42687, 66780, 95, 0h
13, 24, 5
41605, 68357, 89, 0h
41607, 69433, 89, 0h
42683, 68358, 93, 0h
42687, 69430, 92, 0h
13, 25, 5
41614, 71014, 91, 0h
41616, 72092, 95, 0h
42693, 71015, 91, 0h
42694, 72092, 93, 0h
13, 26, 5
41620, 73663, 90, 0h
41614, 74736, 91, 0h
42695, 73662, 90, 0h
42695, 74736, 91, 0h
13, 27, 5
41612, 76309, 90, 0h
41614, 77378, 91, 0h
42689, 76306, 90, 0h
42695, 77382, 91, 0h
13, 28, 5
41612, 78956, 91, 0h
41625, 80034, 88, 0h
42691, 78956, 92, 0h
42695, 80027, 90, 0h
13, 29, 5
41619, 81612, 92, 0h
41621, 82682, 91, 0h
42697, 81607, 90, 0h
42697, 82678, 91, 0h
13, 30, 5
41618, 84254, 87, 0h
41619, 85330, 89, 0h
42701, 84255, 93, 0h
42700, 85326, 91, 0h
13, 31, 5
41622, 86904, 89, 0h
41624, 87982, 88, 0h
42702, 86904, 91, 0h
42704, 87978, 95, 0h
14, 0, 5
45116, 4693, 88, 0h
45115, 5773, 91, 0h
46197, 4697, 91, 0h
46190, 5772, 90, 0h
14, 1, 5
45112, 7345, 86, 0h
45111, 8422, 88, 0h
46194, 7345, 90, 0h
46191, 8420, 89, 0h
14, 2, 5
45113, 9996, 92, 0h
45114, 11068, 89, 0h
46191, 9998, 92, 0h
46189, 11068, 88, 0h
14, 3, 23
45118, 12648, 90, 0h
45113, 13721, 93, 0h
46192, 12646, 90, 0h
46192, 13722, 92, 0h
14, 4, 5
45110, 15297, 86, 0h
45111, 16376, 89, 0h
46187, 15300, 91, 0h
46187, 16376, 93, 0h
14, 5, 5
45115, 17949, 87, 0h
45111, 19025, 91, 0h
46192, 17950, 93, 0h
46193, 19024, 91, 0h
14, 6, 5
45113, 20599, 91, 0h
45114, 21674, 89, 0h
46192, 20601, 92, 0h
46188, 21676, 88, 0h
14, 7, 5
45113, 23259, 93, 0h
45114, 24332, 92, 0h
46192, 23257, 91, 0h
46191, 24334, 90, 0h
14, 8, 2
45113, 25901, 92, 0h
45114, 26971, 89, 0h
46192, 25899, 92, 0h
46191, 26973, 84, 0h
14, 9, 5
45117, 28563, 91, 0h
45120, 29636, 92, 0h
46203, 28563, 90, 0h
46198, 29635, 88, 0h
14, 10, 5
45118, 31220, 91, 0h
45120, 32293, 92, 0h
46197, 31218, 91, 0h
46195, 32292, 91, 0h
14, 11, 5
45120, 33871, 93, 0h
45119, 34948, 92, 0h
46194, 33871, 91, 0h
46196, 34947, 91, 0h
14, 12, 5
45119, 36526, 92, 0h
45123, 37602, 88, 0h
46202, 36523, 91, 0h
46200, 37600, 92, 0h
14, 13, 5
45124, 39177, 88, 0h
45121, 40253, 93, 0h
46205, 39177, 89, 0h
46197, 40254, 91, 0h
14, 14, 5
45119, 41832, 88, 0h
45122, 42909, 90, 0h
46202, 41830, 93, 0h
46198, 42904, 90, 0h
14, 15, 5
45122, 44491, 97, 0h
45122, 45568, 96, 0h
46199, 44489, 91, 0h
46200, 45566, 93, 0h
14, 16, 5
45122, 47146, 96, 0h
45125, 48220, 93, 0h
46200, 47145, 93, 0h
46201, 48220, 91, 0h
14, 17, 2
45122, 49785, 86, 0h
45125, 50864, 90, 0h
46200, 49785, 60, 168h
46201, 50860, 89, 0h
14, 18, 2
45118, 52442, 81, 0h
45120, 53522, 84, 0h
46201, 52438, 57, 168h
46199, 53518, 86, 0h
14, 19, 5
45129, 55107, 92, 0h
45128, 56182, 94, 0h
46203, 55102, 92, 0h
46204, 56179, 90, 0h
14, 20, 5
45125, 57754, 95, 0h
45123, 58831, 96, 0h
46204, 57753, 93, 0h
46203, 58828, 92, 0h
14, 21, 5
45122, 60408, 92, 0h
45124, 61483, 91, 0h
46200, 60405, 93, 0h
46199, 61481, 89, 0h
14, 22, 5
45123, 63065, 89, 0h
45127, 64137, 93, 0h
46206, 63060, 91, 0h
46202, 64137, 90, 0h
14, 23, 5
45127, 65717, 91, 0h
45123, 66788, 94, 0h
46206, 65717, 91, 0h
46201, 66786, 91, 0h
14, 24, 5
45124, 68364, 91, 0h
45123, 69437, 91, 0h
46200, 68360, 92, 0h
46200, 69436, 91, 0h
14, 25, 5
45136, 71020, 91, 0h
45130, 72098, 94, 0h
46210, 71018, 90, 0h
46209, 72092, 87, 0h
14, 26, 5
45127, 73669, 93, 0h
45131, 74743, 91, 0h
46208, 73667, 91, 0h
46209, 74741, 92, 0h
14, 27, 5
45131, 76314, 93, 0h
45136, 77386, 94, 0h
46207, 76311, 93, 0h
46210, 77385, 91, 0h
14, 28, 5
45128, 78957, 93, 0h
45138, 80037, 91, 0h
46207, 78960, 92, 0h
46212, 80034, 89, 0h
14, 29, 5
45137, 81610, 91, 0h
45140, 82685, 92, 0h
46215, 81614, 92, 0h
46213, 82682, 90, 0h
14, 30, 2
45137, 84254, 57, 168h
45140, 85330, 0, 64h
46215, 84255, 0, 64h
46213, 85326, 0, 64h
14, 31, 5
45134, 86912, 90, 0h
45140, 87984, 89, 0h
46211, 86909, 91, 0h
46216, 87982, 91, 0h
15, 0, 5
48628, 4686, 88, 0h
48625, 5766, 86, 0h
49700, 4688, 89, 0h
49696, 5765, 92, 0h
15, 1, 5
48621, 7343, 85, 0h
48621, 8418, 88, 0h
49702, 7342, 88, 0h
49698, 8418, 91, 0h
15, 2, 5
48625, 9987, 90, 0h
48621, 11065, 90, 0h
49696, 9991, 90, 0h
49697, 11065, 88, 0h
15, 3, 5
48624, 12644, 90, 0h
48622, 13721, 88, 0h
49695, 12644, 90, 0h
49697, 13722, 90, 0h
15, 4, 5
48620, 15294, 91, 0h
48620, 16368, 88, 0h
49696, 15294, 89, 0h
49696, 16367, 92, 0h
15, 5, 5
48625, 17940, 91, 0h
48619, 19021, 90, 0h
49701, 17942, 90, 0h
49699, 19019, 90, 0h
15, 6, 5
48621, 20595, 90, 0h
48622, 21672, 91, 0h
49699, 20594, 88, 0h
49700, 21670, 89, 0h
15, 7, 5
48622, 23249, 89, 0h
48625, 24323, 89, 0h
49697, 23252, 92, 0h
49698, 24328, 91, 0h
15, 8, 5
48623, 25904, 90, 0h
48625, 26976, 88, 0h
49700, 25904, 91, 0h
49703, 26977, 91, 0h
15, 9, 5
48625, 28557, 90, 0h
48628, 29631, 91, 0h
49703, 28556, 93, 0h
49700, 29634, 91, 0h
15, 10, 5
48622, 31205, 90, 0h
48624, 32283, 92, 0h
49700, 31206, 91, 0h
49702, 32282, 91, 0h
15, 11, 5
48626, 33864, 91, 0h
48624, 34943, 89, 0h
49701, 33862, 93, 0h
49702, 34939, 96, 0h
15, 12, 5
48627, 36517, 88, 0h
48629, 37596, 88, 0h
49706, 36519, 93, 0h
49707, 37592, 90, 0h
15, 13, 5
48629, 39174, 93, 0h
48629, 40250, 94, 0h
49704, 39172, 90, 0h
49707, 40247, 89, 0h
15, 14, 5
48628, 41827, 91, 0h
48630, 42899, 91, 0h
49706, 41825, 92, 0h
49705, 42900, 93, 0h
15, 15, 5
48628, 44484, 91, 0h
48630, 45562, 90, 0h
49708, 44486, 94, 0h
49708, 45560, 90, 0h
15, 16, 5
48632, 47136, 92, 0h
48631, 48210, 91, 0h
49711, 47133, 93, 0h
49710, 48211, 91, 0h
15, 17, 5
48631, 49786, 90, 0h
48635, 50860, 89, 0h
49712, 49786, 93, 0h
49709, 50858, 92, 0h
15, 18, 5
48631, 52440, 91, 0h
48632, 53517, 88, 0h
49706, 52437, 94, 0h
49712, 53515, 92, 0h
15, 19, 5
48635, 55096, 89, 0h
48635, 56172, 91, 0h
49706, 55095, 91, 0h
49711, 56172, 90, 0h
15, 20, 23
48627, 57743, 89, 0h
48631, 58823, 88, 0h
49705, 57743, 92, 0h
49708, 58820, 93, 0h
15, 21, 5
48631, 60398, 93, 0h
48628, 61474, 91, 0h
49705, 60396, 93, 0h
49706, 61469, 90, 0h
15, 22, 5
48635, 63055, 91, 0h
48638, 64126, 90, 0h
49713, 63054, 91, 0h
49709, 64129, 91, 0h
15, 23, 5
48636, 65709, 92, 0h
48629, 66784, 92, 0h
49709, 65707, 91, 0h
49703, 66783, 90, 0h
15, 24, 5
48633, 68356, 91, 0h
48631, 69430, 89, 0h
49704, 68352, 92, 0h
49707, 69427, 92, 0h
15, 25, 5
48640, 71009, 92, 0h
48636, 72087, 92, 0h
49712, 71008, 91, 0h
49712, 72081, 92, 0h
15, 26, 5
48636, 73660, 89, 0h
48636, 74731, 92, 0h
49713, 73653, 90, 0h
49716, 74729, 94, 0h
15, 27, 5
48634, 76301, 91, 0h
48639, 77378, 94, 0h
49712, 76302, 93, 0h
49713, 77376, 91, 0h
15, 28, 5
48635, 78953, 89, 0h
48638, 80032, 87, 0h
49708, 78952, 90, 0h
49713, 80032, 91, 0h
15, 29, 5
48645, 81600, 92, 0h
48643, 82675, 92, 0h
49719, 81603, 91, 0h
49718, 82673, 91, 0h
15, 30, 5
48641, 84250, 93, 0h
48641, 85327, 90, 0h
49716, 84251, 92, 0h
49717, 85325, 90, 0h
15, 31, 5
48641, 86901, 92, 0h
48644, 87979, 90, 0h
49715, 86901, 93, 0h
49720, 87972, 94, 0h
16, 0, 5
52144, 4697, 91, 0h
52142, 5772, 89, 0h
53218, 4697, 90, 0h
53216, 5774, 88, 0h
16, 1, 23
52140, 7347, 90, 0h
52139, 8425, 92, 0h
53218, 7349, 91, 0h
53215, 8423, 91, 0h
16, 2, 5
52137, 9996, 91, 0h
52140, 11071, 90, 0h
53220, 9997, 93, 0h
53216, 11069, 90, 0h
16, 3, 5
52134, 12652, 88, 0h
52138, 13729, 90, 0h
53214, 12653, 92, 0h
53216, 13725, 93, 0h
16, 4, 5
52137, 15303, 92, 0h
52139, 16378, 88, 0h
53215, 15299, 91, 0h
53215, 16374, 91, 0h
16, 5, 5
52137, 17952, 88, 0h
52140, 19029, 91, 0h
53216, 17953, 90, 0h
53218, 19031, 91, 0h
16, 6, 5
52141, 20602, 91, 0h
52139, 21677, 89, 0h
53218, 20599, 91, 0h
53219, 21674, 89, 0h
16, 7, 5
52137, 23259, 92, 0h
52138, 24334, 95, 0h
53217, 23259, 91, 0h
53216, 24333, 92, 0h
16, 8, 5
52138, 25909, 89, 0h
52143, 26983, 90, 0h
53218, 25909, 93, 0h
53220, 26982, 90, 0h
16, 9, 5
52143, 28560, 91, 0h
52146, 29634, 92, 0h
53222, 28558, 91, 0h
53223, 29633, 93, 0h
16, 10, 5
52142, 31217, 92, 0h
52143, 32294, 89, 0h
53222, 31216, 90, 0h
53222, 32291, 89, 0h
16, 11, 5
52143, 33867, 92, 0h
52142, 34946, 90, 0h
53221, 33870, 92, 0h
53221, 34947, 91, 0h
16, 12, 5
52143, 36523, 91, 0h
52149, 37601, 89, 0h
53224, 36520, 91, 0h
53224, 37599, 90, 0h
16, 13, 5
52149, 39175, 91, 0h
52146, 40253, 91, 0h
53225, 39176, 89, 0h
53225, 40253, 91, 0h
16, 14, 23
52145, 41826, 91, 0h
52147, 42907, 90, 0h
53224, 41826, 90, 0h
53222, 42903, 87, 0h
16, 15, 5
52149, 44486, 93, 0h
52152, 45565, 90, 0h
53228, 44486, 92, 0h
53225, 45561, 92, 0h
16, 16, 5
52150, 47142, 89, 0h
52149, 48219, 95, 0h
53228, 47142, 94, 0h
53225, 48217, 91, 0h
16, 17, 5
52149, 49789, 94, 0h
52152, 50862, 91, 0h
53226, 49791, 93, 0h
53225, 50865, 90, 0h
16, 18, 5
52150, 52446, 94, 0h
52152, 53524, 96, 0h
53230, 52448, 92, 0h
53226, 53522, 91, 0h
16, 19, 23
52154, 55099, 92, 0h
52154, 56176, 93, 0h
53228, 55100, 92, 0h
53227, 56174, 96, 0h
16, 20, 5
52150, 57748, 91, 0h
52146, 58826, 98, 0h
53227, 57746, 94, 0h
53225, 58821, 90, 0h
16, 21, 5
52148, 60403, 95, 0h
52148, 61478, 91, 0h
53222, 60400, 91, 0h
53224, 61479, 91, 0h
16, 22, 5
52152, 63062, 92, 0h
52154, 64137, 91, 0h
53225, 63057, 93, 0h
53226, 64130, 91, 0h
16, 23, 23
52146, 65710, 91, 0h
52144, 66783, 91, 0h
53228, 65712, 91, 0h
53222, 66782, 90, 0h
16, 24, 5
52150, 68356, 93, 0h
52147, 69435, 92, 0h
53225, 68354, 95, 0h
53224, 69428, 89, 0h
16, 25, 23
52154, 71010, 92, 0h
52151, 72087, 94, 0h
53228, 71009, 93, 0h
53232, 72082, 96, 0h
16, 26, 23
52155, 73664, 93, 0h
52152, 74741, 92, 0h
53227, 73661, 91, 0h
53229, 74738, 89, 0h
16, 27, 5
52150, 76309, 92, 0h
52148, 77380, 92, 0h
53228, 76307, 91, 0h
53227, 77379, 92, 0h
16, 28, 2
52148, 78958, 57, 168h
52156, 80030, 0, 64h
53205, 78904, 0, 64h
53240, 80027, 0, 64h
16, 29, 5
52156, 81609, 88, 0h
52157, 82680, 95, 0h
53231, 81608, 93, 0h
53232, 82680, 93, 0h
16, 30, 5
52157, 84258, 91, 0h
52154, 85331, 89, 0h
53236, 84257, 93, 0h
53235, 85328, 91, 0h
16, 31, 5
52152, 86909, 90, 0h
52155, 87977, 89, 0h
53233, 86907, 91, 0h
53235, 87982, 92, 0h
17, 0, 5
55650, 4688, 87, 0h
55647, 5767, 88, 0h
56724, 4689, 93, 0h
56721, 5767, 92, 0h
17, 1, 23
55649, 7343, 95, 0h
55642, 8418, 90, 0h
56723, 7341, 93, 0h
56720, 8419, 91, 0h
17, 2, 5
55647, 9986, 89, 0h
55647, 11064, 89, 0h
56723, 9991, 90, 0h
56723, 11062, 90, 0h
17, 3, 2
55647, 12652, 89, 0h
55647, 13729, 87, 0h
56723, 12653, 62, 168h
56723, 13725, 89, 0h
17, 4, 5
55643, 15296, 89, 0h
55643, 16373, 87, 0h
56719, 15298, 90, 0h
56719, 16371, 90, 0h
17, 5, 5
55645, 17946, 92, 0h
55645, 19023, 91, 0h
56723, 17944, 92, 0h
56721, 19020, 92, 0h
17, 6, 5
55644, 20598, 89, 0h
55645, 21671, 91, 0h
56724, 20599, 92, 0h
56721, 21670, 90, 0h
17, 7, 5
55646, 23253, 92, 0h
55648, 24326, 91, 0h
56721, 23252, 90, 0h
56720, 24325, 93, 0h
17, 8, 5
55649, 25903, 91, 0h
55646, 26976, 91, 0h
56727, 25902, 95, 0h
56728, 26975, 92, 0h
17, 9, 23
55649, 28555, 90, 0h
55651, 29626, 87, 0h
56724, 28554, 93, 0h
56725, 29630, 92, 0h
17, 10, 5
55647, 31207, 93, 0h
55651, 32285, 92, 0h
56726, 31206, 94, 0h
56725, 32283, 90, 0h
17, 11, 23
55650, 33860, 91, 0h
55649, 34937, 88, 0h
56727, 33862, 92, 0h
56727, 34938, 90, 0h
17, 12, 5
55652, 36517, 91, 0h
55657, 37591, 92, 0h
56728, 36517, 91, 0h
56728, 37591, 92, 0h
17, 13, 5
55656, 39166, 88, 0h
55653, 40243, 92, 0h
56731, 39165, 91, 0h
56729, 40243, 91, 0h
17, 14, 5
55650, 41819, 93, 0h
55652, 42897, 90, 0h
56727, 41821, 90, 0h
56727, 42899, 90, 0h
17, 15, 5
55648, 44474, 91, 0h
55653, 45555, 90, 0h
56726, 44478, 90, 0h
56726, 45552, 92, 0h
17, 16, 5
55652, 47135, 89, 0h
55649, 48209, 92, 0h
56730, 47134, 92, 0h
56731, 48205, 92, 0h
17, 17, 5
55651, 49781, 90, 0h
55654, 50855, 90, 0h
56728, 49781, 92, 0h
56729, 50857, 91, 0h
17, 18, 5
55650, 52433, 89, 0h
55653, 53510, 87, 0h
56733, 52432, 92, 0h
56732, 53513, 91, 0h
17, 19, 5
55658, 55089, 94, 0h
55657, 56168, 91, 0h
56730, 55089, 93, 0h
56734, 56165, 91, 0h
17, 20, 5
55652, 57741, 88, 0h
55649, 58818, 90, 0h
56730, 57742, 92, 0h
56730, 58817, 88, 0h
17, 21, 5
55651, 60394, 91, 0h
55654, 61469, 90, 0h
56728, 60394, 92, 0h
56729, 61468, 92, 0h
17, 22, 5
55655, 63050, 92, 0h
55657, 64127, 90, 0h
56731, 63049, 91, 0h
56730, 64123, 91, 0h
17, 23, 5
55655, 65700, 91, 0h
55651, 66775, 90, 0h
56729, 65697, 95, 0h
56729, 66774, 92, 0h
17, 24, 23
55652, 68350, 92, 0h
55652, 69423, 89, 0h
56725, 68345, 91, 0h
56726, 69418, 92, 0h
17, 25, 5
55657, 71004, 93, 0h
55657, 72080, 93, 0h
56732, 71007, 96, 0h
56731, 72079, 92, 0h
17, 26, 5
55659, 73652, 91, 0h
55654, 74729, 89, 0h
56731, 73650, 91, 0h
56734, 74725, 89, 0h
17, 27, 23
55657, 76303, 93, 0h
55652, 77373, 91, 0h
56732, 76299, 91, 0h
56728, 77371, 90, 0h
17, 28, 5
55650, 78950, 91, 0h
55662, 80028, 91, 0h
56728, 78949, 93, 0h
56739, 80031, 91, 0h
17, 29, 5
55660, 81601, 89, 0h
55662, 82671, 94, 0h
56734, 81602, 93, 0h
56735, 82671, 88, 0h
17, 30, 5
55656, 84247, 89, 0h
55655, 85322, 91, 0h
56736, 84249, 94, 0h
56739, 85320, 94, 0h
17, 31, 5
55658, 86900, 91, 0h
55655, 87974, 87, 0h
56736, 86898, 93, 0h
56736, 87972, 90, 0h
18, 0, 5
59166, 4701, 91, 0h
59164, 5777, 86, 0h
60245, 4698, 89, 0h
60246, 5775, 90, 0h
18, 1, 5
59159, 7351, 85, 0h
59160, 8421, 87, 0h
60239, 7352, 92, 0h
60239, 8425, 87, 0h
18, 2, 5
59163, 9999, 88, 0h
59161, 11074, 91, 0h
60241, 9997, 89, 0h
60239, 11073, 88, 0h
18, 3, 5
59166, 12649, 86, 0h
59167, 13725, 94, 0h
60240, 12652, 90, 0h
60245, 13725, 90, 0h
18, 4, 5
59164, 15304, 92, 0h
59166, 16379, 90, 0h
60240, 15305, 90, 0h
60241, 16377, 89, 0h
18, 5, 5
59160, 17950, 90, 0h
59163, 19029, 91, 0h
60237, 17948, 90, 0h
60241, 19026, 91, 0h
18, 6, 5
59161, 20601, 92, 0h
59162, 21679, 90, 0h
60238, 20602, 92, 0h
60239, 21678, 95, 0h
18, 7, 5
59163, 23257, 92, 0h
59161, 24336, 92, 0h
60240, 23259, 89, 0h
60241, 24335, 92, 0h
18, 8, 5
59163, 25906, 92, 0h
59167, 26984, 91, 0h
60243, 25910, 91, 0h
60242, 26981, 88, 0h
18, 9, 5
59165, 28563, 87, 0h
59163, 29637, 92, 0h
60241, 28559, 91, 0h
60243, 29635, 91, 0h
18, 10, 5
59167, 31212, 91, 0h
59163, 32293, 91, 0h
60238, 31212, 91, 0h
60242, 32288, 90, 0h
18, 11, 5
59163, 33870, 92, 0h
59165, 34952, 93, 0h
60238, 33868, 88, 0h
60239, 34943, 89, 0h
18, 12, 5
59170, 36524, 92, 0h
59170, 37601, 92, 0h
60244, 36520, 92, 0h
60246, 37598, 93, 0h
18, 13, 23
59168, 39176, 89, 0h
59168, 40252, 91, 0h
60246, 39175, 92, 0h
60243, 40254, 90, 0h
18, 14, 5
59167, 41827, 92, 0h
59166, 42905, 91, 0h
60246, 41827, 92, 0h
60245, 42905, 92, 0h
18, 15, 5
59167, 44485, 97, 0h
59169, 45562, 93, 0h
60249, 44482, 93, 0h
60243, 45562, 92, 0h
18, 16, 5
59164, 47137, 95, 0h
59167, 48215, 91, 0h
60241, 47139, 91, 0h
60240, 48214, 92, 0h
18, 17, 5
59165, 49788, 89, 0h
59166, 50866, 94, 0h
60243, 49782, 92, 0h
60244, 50861, 91, 0h
18, 18, 5
59170, 52437, 89, 0h
59173, 53514, 90, 0h
60249, 52438, 91, 0h
60247, 53517, 90, 0h
18, 19, 5
59166, 55097, 89, 0h
59169, 56174, 91, 0h
60249, 55092, 91, 0h
60247, 56169, 92, 0h
18, 20, 5
59168, 57748, 94, 0h
59168, 58825, 91, 0h
60247, 57739, 93, 0h
60245, 58820, 90, 0h
18, 21, 5
59165, 60396, 91, 0h
59165, 61476, 90, 0h
60245, 60400, 92, 0h
60244, 61474, 92, 0h
18, 22, 5
59171, 63049, 92, 0h
59169, 64129, 92, 0h
60242, 63055, 90, 0h
60245, 64123, 92, 0h
18, 23, 5
59168, 65705, 92, 0h
59167, 66773, 94, 0h
60247, 65705, 92, 0h
60245, 66772, 90, 0h
18, 24, 5
59170, 68357, 92, 0h
59169, 69426, 90, 0h
60245, 68353, 92, 0h
60245, 69425, 90, 0h
18, 25, 5
59170, 71007, 95, 0h
59169, 72086, 93, 0h
60248, 71007, 92, 0h
60248, 72081, 92, 0h
18, 26, 5
59172, 73659, 91, 0h
59173, 74732, 92, 0h
60252, 73656, 94, 0h
60253, 74727, 92, 0h
18, 27, 5
59169, 76303, 92, 0h
59173, 77374, 91, 0h
60249, 76301, 90, 0h
60249, 77372, 92, 0h
18, 28, 5
59172, 78953, 90, 0h
59176, 80033, 93, 0h
60250, 78951, 88, 0h
60252, 80031, 92, 0h
18, 29, 5
59174, 81609, 96, 0h
59174, 82683, 91, 0h
60248, 81605, 90, 0h
60254, 82678, 97, 0h
18, 30, 5
59173, 84257, 91, 0h
59171, 85325, 92, 0h
60253, 84253, 93, 0h
60249, 85324, 92, 0h
18, 31, 5
59171, 86904, 90, 0h
59170, 87978, 91, 0h
60252, 86901, 90, 0h
60250, 87978, 89, 0h
19, 0, 5
62670, 4692, 90, 0h
62670, 5768, 89, 0h
63746, 4691, 91, 0h
63747, 5766, 92, 0h
19, 1, 5
62669, 7343, 90, 0h
62670, 8416, 91, 0h
63747, 7341, 92, 0h
63744, 8418, 91, 0h
19, 2, 5
62664, 9992, 86, 0h
62667, 11070, 92, 0h
63745, 9991, 92, 0h
63741, 11064, 87, 0h
19, 3, 5
62673, 12640, 95, 0h
62669, 13726, 92, 0h
63743, 12642, 91, 0h
63746, 13722, 90, 0h
19, 4, 5
62667, 15298, 86, 0h
62668, 16373, 88, 0h
63743, 15297, 92, 0h
63741, 16376, 90, 0h
19, 5, 5
62665, 17951, 92, 0h
62664, 19027, 92, 0h
63743, 17946, 91, 0h
63743, 19024, 92, 0h
19, 6, 5
62666, 20596, 89, 0h
62668, 21672, 93, 0h
63739, 20597, 91, 0h
63739, 21674, 91, 0h
19, 7, 5
62668, 23255, 87, 0h
62664, 24329, 89, 0h
63742, 23253, 92, 0h
63742, 24330, 88, 0h
19, 8, 5
62671, 25903, 92, 0h
62669, 26978, 91, 0h
63746, 25905, 92, 0h
63747, 26974, 93, 0h
19, 9, 5
62668, 28555, 92, 0h
62669, 29632, 90, 0h
63744, 28553, 90, 0h
63741, 29632, 92, 0h
19, 10, 5
62666, 31209, 92, 0h
62665, 32287, 91, 0h
63741, 31207, 92, 0h
63743, 32283, 95, 0h
19, 11, 5
62666, 33862, 92, 0h
62670, 34939, 93, 0h
63741, 33861, 92, 0h
63741, 34935, 89, 0h
19, 12, 5
62670, 36519, 90, 0h
62670, 37592, 91, 0h
63746, 36514, 90, 0h
63747, 37594, 89, 0h
19, 13, 5
62674, 39168, 86, 0h
62668, 40245, 91, 0h
63747, 39163, 91, 0h
63744, 40245, 89, 0h
19, 14, 5
62667, 41821, 91, 0h
62669, 42896, 94, 0h
63746, 41820, 92, 0h
63744, 42898, 91, 0h
19, 15, 5
62673, 44475, 91, 0h
62677, 45554, 92, 0h
63748, 44474, 92, 0h
63748, 45551, 90, 0h
19, 16, 5
62674, 47130, 91, 0h
62675, 48206, 89, 0h
63750, 47131, 92, 0h
63747, 48206, 92, 0h
19, 17, 5
62671, 49777, 91, 0h
62673, 50855, 90, 0h
63747, 49776, 93, 0h
63748, 50851, 90, 0h
19, 18, 5
62670, 52429, 90, 0h
62676, 53508, 90, 0h
63749, 52429, 93, 0h
63749, 53509, 94, 0h
19, 19, 5
62673, 55090, 91, 0h
62677, 56164, 94, 0h
63749, 55088, 91, 0h
63749, 56162, 92, 0h
19, 20, 5
62667, 57738, 90, 0h
62669, 58815, 89, 0h
63745, 57734, 92, 0h
63748, 58814, 90, 0h
19, 21, 5
62670, 60385, 91, 0h
62672, 61464, 96, 0h
63746, 60388, 92, 0h
63750, 61461, 92, 0h
19, 22, 5
62672, 63041, 91, 0h
62671, 64120, 91, 0h
63747, 63045, 92, 0h
63745, 64121, 92, 0h
19, 23, 5
62669, 65697, 92, 0h
62672, 66775, 91, 0h
63746, 65698, 92, 0h
63750, 66771, 92, 0h
19, 24, 5
62672, 68347, 92, 0h
62672, 69418, 93, 0h
63749, 68343, 93, 0h
63747, 69418, 93, 0h
19, 25, 5
62677, 70998, 90, 0h
62674, 72075, 90, 0h
63752, 70996, 93, 0h
63749, 72073, 91, 0h
19, 26, 5
62672, 73651, 89, 0h
62675, 74721, 90, 0h
63751, 73649, 95, 0h
63750, 74719, 90, 0h
19, 27, 5
62674, 76293, 91, 0h
62675, 77369, 92, 0h
63751, 76295, 93, 0h
63747, 77366, 91, 0h
19, 28, 5
62676, 78944, 87, 0h
62679, 80020, 89, 0h
63749, 78945, 91, 0h
63753, 80017, 91, 0h
19, 29, 5
62676, 81599, 91, 0h
62679, 82673, 90, 0h
63755, 81598, 93, 0h
63754, 82670, 90, 0h
19, 30, 5
62677, 84247, 94, 0h
62675, 85316, 92, 0h
63755, 84247, 92, 0h
63751, 85317, 91, 0h
19, 31, 5
62676, 86897, 93, 0h
62677, 87971, 86, 0h
63757, 86893, 92, 0h
63755, 87970, 90, 0h
20, 0, 5
66191, 4693, 91, 0h
66188, 5774, 90, 0h
67265, 4694, 91, 0h
67268, 5770, 88, 0h
20, 1, 5
66185, 7352, 88, 0h
66183, 8428, 91, 0h
67262, 7348, 88, 0h
67259, 8424, 90, 0h
20, 2, 5
66182, 10002, 91, 0h
66182, 11075, 91, 0h
67263, 9999, 92, 0h
67259, 11074, 89, 0h
20, 3, 5
66179, 12654, 91, 0h
66184, 13731, 95, 0h
67263, 12653, 91, 0h
67259, 13732, 100, 0h
20, 4, 5
66179, 15304, 90, 0h
66181, 16376, 88, 0h
67260, 15304, 89, 0h
67256, 16379, 92, 0h
20, 5, 5
66183, 17950, 91, 0h
66182, 19026, 90, 0h
67255, 17951, 87, 0h
67258, 19027, 90, 0h
20, 6, 5
66182, 20601, 89, 0h
66181, 21681, 90, 0h
67256, 20603, 90, 0h
67257, 21672, 88, 0h
20, 7, 5
66176, 23258, 91, 0h
66182, 24336, 95, 0h
67256, 23261, 90, 0h
67261, 24336, 90, 0h
20, 8, 5
66183, 25909, 89, 0h
66179, 26982, 88, 0h
67259, 25909, 92, 0h
67261, 26984, 93, 0h
20, 9, 5
66186, 28562, 95, 0h
66184, 29633, 91, 0h
67257, 28563, 89, 0h
67258, 29637, 92, 0h
20, 10, 5
66178, 31215, 90, 0h
66183, 32290, 89, 0h
67254, 31216, 94, 0h
67255, 32290, 92, 0h
20, 11, 5
66176, 33869, 89, 0h
66180, 34945, 91, 0h
67255, 33869, 91, 0h
67253, 34946, 92, 0h
20, 12, 5
66181, 36518, 89, 0h
66182, 37599, 92, 0h
67260, 36520, 91, 0h
67263, 37593, 87, 0h
20, 13, 5
66182, 39175, 92, 0h
66183, 40249, 90, 0h
67257, 39173, 90, 0h
67258, 40248, 92, 0h
20, 14, 5
66184, 41826, 89, 0h
66185, 42900, 92, 0h
67260, 41826, 92, 0h
67260, 42900, 90, 0h
20, 15, 5
66184, 44488, 93, 0h
66181, 45565, 92, 0h
67258, 44484, 88, 0h
67261, 45561, 91, 0h
20, 16, 5
66185, 47136, 91, 0h
66185, 48211, 88, 0h
67261, 47135, 91, 0h
67260, 48209, 88, 0h
20, 17, 5
66184, 49783, 91, 0h
66181, 50858, 89, 0h
67262, 49784, 90, 0h
67258, 50859, 91, 0h
20, 18, 5
66180, 52437, 90, 0h
66187, 53516, 88, 0h
67261, 52436, 91, 0h
67262, 53517, 87, 0h
20, 19, 5
66183, 55091, 92, 0h
66188, 56164, 92, 0h
67262, 55092, 91, 0h
67263, 56168, 92, 0h
20, 20, 5
66185, 57738, 90, 0h
66181, 58816, 91, 0h
67263, 57736, 91, 0h
67259, 58815, 87, 0h
20, 21, 5
66182, 60395, 91, 0h
66185, 61468, 91, 0h
67262, 60392, 92, 0h
67259, 61470, 92, 0h
20, 22, 5
66189, 63050, 92, 0h
66190, 64126, 93, 0h
67267, 63050, 92, 0h
67268, 64123, 91, 0h
20, 23, 5
66188, 65700, 93, 0h
66185, 66772, 92, 0h
67264, 65699, 93, 0h
67264, 66772, 91, 0h
20, 24, 5
66190, 68350, 93, 0h
66189, 69427, 93, 0h
67266, 68350, 91, 0h
67266, 69423, 95, 0h
20, 25, 23
66188, 71007, 95, 0h
66189, 72082, 92, 0h
67268, 71005, 91, 0h
67270, 72078, 95, 0h
20, 26, 5
66191, 73654, 92, 0h
66192, 74730, 92, 0h
67271, 73654, 91, 0h
67269, 74726, 92, 0h
20, 27, 5
66190, 76301, 95, 0h
66193, 77376, 91, 0h
67266, 76301, 92, 0h
67268, 77373, 91, 0h
20, 28, 5
66192, 78951, 92, 0h
66195, 80027, 91, 0h
67270, 78948, 91, 0h
67273, 80026, 99, 0h
20, 29, 5
66192, 81603, 92, 0h
66193, 82674, 94, 0h
67273, 81600, 89, 0h
67270, 82672, 94, 0h
20, 30, 23
66194, 84248, 95, 0h
66192, 85322, 89, 0h
67269, 84248, 91, 0h
67268, 85323, 90, 0h
20, 31, 23
66192, 86899, 92, 0h
66192, 87976, 90, 0h
67270, 86900, 91, 0h
67272, 87975, 91, 0h
21, 0, 5
69693, 4684, 92, 0h
69690, 5766, 87, 0h
70764, 4685, 89, 0h
70767, 5763, 88, 0h
21, 1, 5
69687, 7341, 88, 0h
69691, 8417, 89, 0h
70764, 7339, 91, 0h
70760, 8417, 95, 0h
21, 2, 5
69688, 9993, 92, 0h
69687, 11066, 92, 0h
70764, 9992, 93, 0h
70758, 11066, 91, 0h
21, 3, 5
69691, 12646, 91, 0h
69684, 13723, 92, 0h
70765, 12643, 91, 0h
70760, 13723, 92, 0h
21, 4, 5
69683, 15297, 88, 0h
69680, 16374, 88, 0h
70761, 15301, 93, 0h
70757, 16373, 91, 0h
21, 5, 5
69683, 17951, 85, 0h
69684, 19026, 90, 0h
70758, 17949, 93, 0h
70756, 19025, 90, 0h
21, 6, 5
69683, 20597, 90, 0h
69683, 21675, 91, 0h
70755, 20598, 93, 0h
70758, 21674, 90, 0h
21, 7, 5
69679, 23255, 92, 0h
69682, 24329, 92, 0h
70754, 23255, 93, 0h
70756, 24329, 90, 0h
21, 8, 5
69682, 25908, 91, 0h
69682, 26978, 87, 0h
70754, 25906, 90, 0h
70758, 26975, 92, 0h
21, 9, 5
69683, 28552, 86, 0h
69680, 29628, 95, 0h
70757, 28556, 91, 0h
70758, 29630, 88, 0h
21, 10, 5
69680, 31211, 92, 0h
69679, 32283, 87, 0h
70755, 31207, 89, 0h
70751, 32284, 94, 0h
21, 11, 5
69677, 33863, 91, 0h
69678, 34938, 90, 0h
70755, 33863, 92, 0h
70753, 34940, 94, 0h
21, 12, 5
69683, 36517, 91, 0h
69683, 37593, 87, 0h
70759, 36516, 88, 0h
70759, 37588, 88, 0h
21, 13, 5
69688, 39169, 90, 0h
69685, 40248, 93, 0h
70761, 39166, 92, 0h
70758, 40245, 90, 0h
21, 14, 5
69682, 41819, 91, 0h
69682, 42895, 90, 0h
70755, 41821, 89, 0h
70756, 42894, 89, 0h
21, 15, 5
69687, 44477, 89, 0h
69685, 45553, 88, 0h
70757, 44475, 91, 0h
70757, 45551, 93, 0h
21, 16, 5
69685, 47127, 91, 0h
69685, 48202, 92, 0h
70760, 47130, 92, 0h
70760, 48199, 87, 0h
21, 17, 5
69684, 49774, 91, 0h
69683, 50850, 91, 0h
70760, 49776, 91, 0h
70760, 50850, 91, 0h
21, 18, 5
69683, 52431, 87, 0h
69687, 53505, 90, 0h
70762, 52430, 89, 0h
70759, 53505, 90, 0h
21, 19, 5
69684, 55086, 86, 0h
69689, 56159, 91, 0h
70762, 55086, 92, 0h
70759, 56157, 91, 0h
21, 20, 5
69684, 57729, 91, 0h
69686, 58806, 90, 0h
70763, 57730, 95, 0h
70759, 58808, 91, 0h
21, 21, 5
69685, 60386, 91, 0h
69686, 61461, 90, 0h
70762, 60383, 92, 0h
70761, 61456, 90, 0h
21, 22, 2
69685, 63050, 91, 0h
69686, 64126, 90, 0h
70762, 63050, 60, 168h
70761, 64123, 89, 0h
21, 23, 5
69686, 65694, 91, 0h
69686, 66770, 91, 0h
70764, 65692, 92, 0h
70762, 66768, 92, 0h
21, 24, 5
69690, 68343, 93, 0h
69689, 69418, 95, 0h
70765, 68342, 92, 0h
70766, 69414, 92, 0h
21, 25, 5
69689, 70994, 91, 0h
69691, 72072, 91, 0h
70770, 70991, 91, 0h
70767, 72068, 94, 0h
21, 26, 5
69691, 73647, 91, 0h
69693, 74721, 91, 0h
70768, 73647, 90, 0h
70769, 74721, 92, 0h
21, 27, 5
69691, 76295, 93, 0h
69693, 77367, 92, 0h
70766, 76291, 93, 0h
70768, 77366, 92, 0h
21, 28, 5
69694, 78941, 91, 0h
69697, 80016, 92, 0h
70769, 78942, 92, 0h
70774, 80015, 88, 0h
21, 29, 5
69693, 81592, 88, 0h
69695, 82668, 91, 0h
70772, 81593, 93, 0h
70771, 82669, 93, 0h
21, 30, 23
69702, 84241, 91, 0h
69696, 85320, 87, 0h
70773, 84245, 92, 0h
70774, 85316, 94, 0h
21, 31, 23
69697, 86894, 93, 0h
69698, 87971, 90, 0h
70771, 86895, 93, 0h
70773, 87970, 90, 0h
22, 0, 5
73209, 4694, 89, 0h
73211, 5770, 87, 0h
74286, 4696, 90, 0h
74289, 5772, 88, 0h
22, 1, 5
73207, 7346, 84, 0h
73206, 8420, 91, 0h
74285, 7347, 91, 0h
74283, 8424, 91, 0h
22, 2, 5
73203, 9997, 90, 0h
73204, 11070, 89, 0h
74282, 9996, 92, 0h
74282, 11073, 90, 0h
22, 3, 5
73201, 12652, 91, 0h
73201, 13731, 90, 0h
74278, 12648, 92, 0h
74282, 13729, 89, 0h
22, 4, 5
73205, 15307, 89, 0h
73202, 16379, 90, 0h
74279, 15305, 92, 0h
74277, 16377, 88, 0h
22, 5, 5
73197, 17953, 92, 0h
73198, 19027, 92, 0h
74275, 17953, 92, 0h
74275, 19028, 91, 0h
22, 6, 5
73196, 20604, 90, 0h
73196, 21683, 92, 0h
74272, 20600, 92, 0h
74272, 21679, 89, 0h
22, 7, 5
73193, 23261, 89, 0h
73199, 24336, 93, 0h
74270, 23259, 88, 0h
74272, 24335, 89, 0h
22, 8, 5
73195, 25910, 92, 0h
73196, 26983, 93, 0h
74272, 25907, 92, 0h
74271, 26982, 92, 0h
22, 9, 5
73195, 28564, 93, 0h
73194, 29636, 95, 0h
74271, 28560, 89, 0h
74270, 29634, 93, 0h
22, 10, 5
73195, 31217, 88, 0h
73196, 32293, 94, 0h
74273, 31217, 92, 0h
74273, 32293, 88, 0h
22, 11, 23
73198, 33873, 92, 0h
73194, 34945, 92, 0h
74276, 33870, 92, 0h
74273, 34946, 89, 0h
22, 12, 5
73196, 36521, 87, 0h
73199, 37597, 91, 0h
74273, 36523, 91, 0h
74276, 37594, 91, 0h
22, 13, 5
73196, 39174, 91, 0h
73202, 40249, 93, 0h
74276, 39175, 88, 0h
74272, 40250, 88, 0h
22, 14, 5
73202, 41828, 90, 0h
73199, 42904, 91, 0h
74276, 41824, 92, 0h
74273, 42899, 91, 0h
22, 15, 5
73199, 44482, 91, 0h
73196, 45559, 91, 0h
74271, 44485, 92, 0h
74274, 45557, 94, 0h
22, 16, 5
73196, 47134, 92, 0h
73198, 48212, 95, 0h
74273, 47134, 92, 0h
74273, 48210, 91, 0h
22, 17, 5
73200, 49778, 92, 0h
73201, 50859, 91, 0h
74276, 49777, 88, 0h
74275, 50858, 90, 0h
22, 18, 5
73203, 52432, 91, 0h
73200, 53515, 91, 0h
74276, 52431, 92, 0h
74275, 53516, 92, 0h
22, 19, 5
73201, 55092, 92, 0h
73200, 56165, 94, 0h
74273, 55091, 91, 0h
74275, 56164, 92, 0h
22, 20, 5
73199, 57737, 91, 0h
73202, 58815, 92, 0h
74274, 57736, 92, 0h
74278, 58811, 93, 0h
22, 21, 23
73197, 60393, 92, 0h
73199, 61466, 92, 0h
74276, 60391, 93, 0h
74275, 61465, 92, 0h
22, 22, 5
73197, 63044, 92, 0h
73203, 64120, 91, 0h
74277, 63048, 91, 0h
74278, 64118, 89, 0h
22, 23, 5
73200, 65698, 89, 0h
73199, 66769, 93, 0h
74278, 65696, 91, 0h
74276, 66766, 92, 0h
22, 24, 5
73202, 68347, 87, 0h
73205, 69420, 91, 0h
74277, 68346, 92, 0h
74279, 69414, 89, 0h
22, 25, 5
73200, 70998, 89, 0h
73204, 72074, 92, 0h
74282, 70999, 92, 0h
74281, 72077, 93, 0h
22, 26, 5
73204, 73647, 91, 0h
73208, 74723, 91, 0h
74285, 73646, 92, 0h
74283, 74719, 91, 0h
22, 27, 5
73203, 76296, 97, 0h
73208, 77369, 95, 0h
74283, 76296, 92, 0h
74281, 77371, 93, 0h
22, 28, 5
73204, 78949, 91, 0h
73206, 80030, 91, 0h
74280, 78948, 91, 0h
74283, 80030, 93, 0h
22, 29, 5
73210, 81601, 95, 0h
73210, 82677, 91, 0h
74286, 81602, 90, 0h
74289, 82672, 92, 0h
22, 30, 23
73210, 84253, 89, 0h
73214, 85328, 92, 0h
74291, 84252, 91, 0h
74293, 85327, 92, 0h
22, 31, 23
73217, 86903, 92, 0h
73215, 87980, 90, 0h
74293, 86903, 91, 0h
74291, 87979, 92, 0h
23, 0, 5
76712, 4687, 88, 0h
76714, 5758, 92, 0h
77791, 4684, 92, 0h
77793, 5763, 89, 0h
23, 1, 5
76708, 7339, 89, 0h
76710, 8414, 88, 0h
77787, 7340, 91, 0h
77784, 8417, 89, 0h
23, 2, 5
76707, 9992, 92, 0h
76706, 11064, 90, 0h
77786, 9992, 90, 0h
77784, 11066, 91, 0h
23, 3, 5
76705, 12642, 89, 0h
76704, 13724, 92, 0h
77781, 12641, 91, 0h
77785, 13720, 90, 0h
23, 4, 5
76702, 15301, 86, 0h
76704, 16370, 88, 0h
77784, 15299, 91, 0h
77781, 16370, 89, 0h
23, 5, 5
76701, 17949, 87, 0h
76701, 19026, 92, 0h
77782, 17949, 90, 0h
77778, 19023, 89, 0h
23, 6, 5
76699, 20599, 91, 0h
76699, 21675, 91, 0h
77776, 20598, 90, 0h
77777, 21674, 90, 0h
23, 7, 5
76697, 23253, 88, 0h
76699, 24330, 91, 0h
77775, 23253, 92, 0h
77776, 24330, 91, 0h
23, 8, 5
76701, 25904, 89, 0h
76700, 26978, 89, 0h
77779, 25905, 93, 0h
77777, 26976, 93, 0h
23, 9, 5
76698, 28557, 91, 0h
76696, 29628, 93, 0h
77774, 28552, 90, 0h
77772, 29625, 88, 0h
23, 10, 5
76700, 31210, 91, 0h
76698, 32285, 90, 0h
77776, 31208, 92, 0h
77777, 32284, 91, 0h
23, 11, 5
76701, 33863, 89, 0h
76698, 34939, 89, 0h
77777, 33862, 92, 0h
77777, 34939, 90, 0h
23, 12, 5
76701, 36515, 90, 0h
76700, 37590, 86, 0h
77778, 36513, 91, 0h
77781, 37585, 88, 0h
23, 13, 5
76700, 39166, 88, 0h
76705, 40242, 88, 0h
77777, 39170, 92, 0h
77779, 40240, 90, 0h
23, 14, 5
76705, 41817, 90, 0h
76702, 42896, 89, 0h
77782, 41818, 92, 0h
77778, 42892, 90, 0h
23, 15, 5
76703, 44474, 91, 0h
76698, 45549, 90, 0h
77779, 44473, 92, 0h
77778, 45549, 90, 0h
23, 16, 5
76699, 47125, 92, 0h
76700, 48204, 91, 0h
77777, 47128, 94, 0h
77772, 48201, 93, 0h
23, 17, 5
76700, 49772, 90, 0h
76702, 50847, 88, 0h
77780, 49770, 92, 0h
77780, 50847, 95, 0h
23, 18, 5
76707, 52424, 89, 0h
76704, 53506, 92, 0h
77781, 52425, 91, 0h
77779, 53501, 91, 0h
23, 19, 5
76703, 55084, 89, 0h
76702, 56156, 89, 0h
77777, 55083, 91, 0h
77777, 56158, 90, 0h
23, 20, 5
76703, 57728, 91, 0h
76702, 58805, 87, 0h
77781, 57726, 94, 0h
77780, 58800, 92, 0h
23, 21, 5
76702, 60380, 91, 0h
76702, 61459, 92, 0h
77777, 60382, 92, 0h
77778, 61456, 92, 0h
23, 22, 5
76703, 63036, 92, 0h
76705, 64110, 90, 0h
77783, 63037, 91, 0h
77781, 64108, 90, 0h
23, 23, 5
76704, 65689, 88, 0h
76704, 66766, 89, 0h
77781, 65690, 90, 0h
77783, 66762, 91, 0h
23, 24, 5
76703, 68339, 91, 0h
76707, 69410, 87, 0h
77783, 68337, 91, 0h
77783, 69409, 89, 0h
23, 25, 5
76706, 70986, 89, 0h
76707, 72063, 92, 0h
77789, 70990, 91, 0h
77785, 72062, 92, 0h
23, 26, 5
76705, 73642, 91, 0h
76709, 74715, 90, 0h
77787, 73638, 92, 0h
77782, 74715, 91, 0h
23, 27, 5
76706, 76287, 93, 0h
76710, 77360, 91, 0h
77787, 76286, 91, 0h
77786, 77360, 92, 0h
23, 28, 5
76709, 78938, 91, 0h
76706, 80018, 90, 0h
77788, 78940, 96, 0h
77784, 80015, 91, 0h
23, 29, 5
76715, 81597, 90, 0h
76715, 82670, 88, 0h
77790, 81595, 92, 0h
77792, 82667, 92, 0h
23, 30, 23
76717, 84248, 89, 0h
76720, 85322, 90, 0h
77795, 84243, 91, 0h
77797, 85317, 89, 0h
23, 31, 23
76721, 86896, 89, 0h
76722, 87973, 90, 0h
77802, 86894, 92, 0h
77799, 87973, 89, 0h
