PTEL004008 - BISOptrix23Optrix23
24, 32
0, 0, 73767, 0, 24, 92713, 73746, 92704
4 - 91 - 91 - 187
0, 0, 2
-4085, 4681, 0, 64h
-4089, 5762, 0, 64h
-3011, 4684, 0, 64h
-3011, 5762, 0, 64h
0, 1, 23
-4085, 7345, 85, 0h
-4089, 8420, 88, 0h
-3011, 7343, 90, 0h
-3011, 8417, 88, 0h
0, 2, 23
-4086, 9999, 88, 0h
-4087, 11073, 87, 0h
-3006, 9998, 88, 0h
-3002, 11072, 86, 0h
0, 3, 23
-4085, 12652, 88, 0h
-4081, 13727, 90, 0h
-3008, 12652, 90, 0h
-3001, 13727, 89, 0h
0, 4, 5
-4075, 15306, 89, 0h
-4078, 16382, 90, 0h
-2995, 15305, 87, 0h
-2996, 16381, 90, 0h
0, 5, 5
-4077, 17952, 89, 0h
-4071, 19035, 91, 0h
-2996, 17957, 90, 0h
-2995, 19034, 88, 0h
0, 6, 5
-4071, 20610, 88, 0h
-4072, 21687, 88, 0h
-2993, 20611, 87, 0h
-2993, 21684, 89, 0h
0, 7, 5
-4066, 23266, 90, 0h
-4063, 24342, 92, 0h
-2987, 23265, 90, 0h
-2989, 24343, 86, 0h
0, 8, 5
-4068, 25919, 89, 0h
-4063, 26993, 88, 0h
-2987, 25918, 89, 0h
-2984, 26991, 90, 0h
0, 9, 5
-4061, 28575, 86, 0h
-4062, 29648, 91, 0h
-2980, 28573, 90, 0h
-2982, 29646, 91, 0h
0, 10, 5
-4058, 31227, 91, 0h
-4061, 32303, 88, 0h
-2981, 31226, 90, 0h
-2980, 32302, 87, 0h
0, 11, 5
-4056, 33882, 87, 0h
-4059, 34957, 92, 0h
-2983, 33880, 88, 0h
-2981, 34960, 86, 0h
0, 12, 5
-4055, 36535, 92, 0h
-4050, 37605, 87, 0h
-2978, 36536, 88, 0h
-2978, 37608, 88, 0h
0, 13, 5
-4050, 39185, 86, 0h
-4055, 40262, 90, 0h
-2979, 39185, 89, 0h
-2977, 40263, 91, 0h
0, 14, 5
-4050, 41839, 87, 0h
-4054, 42915, 91, 0h
-2980, 41838, 88, 0h
-2976, 42913, 89, 0h
0, 15, 5
-4055, 44492, 87, 0h
-4049, 45569, 91, 0h
-2970, 44495, 85, 0h
-2971, 45572, 91, 0h
0, 16, 5
-4047, 47146, 90, 0h
-4053, 48225, 90, 0h
-2975, 47147, 89, 0h
-2974, 48223, 91, 0h
0, 17, 5
-4048, 49794, 90, 0h
-4049, 50873, 85, 0h
-2975, 49797, 88, 0h
-2973, 50875, 91, 0h
0, 18, 5
-4051, 52445, 90, 0h
-4049, 53523, 87, 0h
-2972, 52446, 87, 0h
-2975, 53524, 86, 0h
0, 19, 5
-4047, 55103, 87, 0h
-4047, 56178, 91, 0h
-2968, 55099, 89, 0h
-2971, 56175, 91, 0h
0, 20, 5
-4050, 57750, 91, 0h
-4049, 58829, 89, 0h
-2970, 57753, 90, 0h
-2976, 58827, 94, 0h
0, 21, 5
-4050, 60405, 92, 0h
-4053, 61479, 95, 0h
-2975, 60407, 92, 0h
-2973, 61478, 90, 0h
0, 22, 5
-4048, 63057, 91, 0h
-4048, 64132, 91, 0h
-2971, 63054, 89, 0h
-2975, 64131, 90, 0h
0, 23, 5
-4051, 65704, 92, 0h
-4052, 66786, 91, 0h
-2973, 65705, 92, 0h
-2977, 66785, 90, 0h
0, 24, 5
-4053, 68355, 87, 0h
-4050, 69432, 89, 0h
-2975, 68359, 89, 0h
-2977, 69433, 89, 0h
0, 25, 5
-4054, 71003, 88, 0h
-4052, 72084, 85, 0h
-2975, 71009, 93, 0h
-2976, 72086, 92, 0h
0, 26, 5
-4053, 73659, 89, 0h
-4054, 74736, 90, 0h
-2976, 73660, 89, 0h
-2979, 74729, 91, 0h
0, 27, 5
-4055, 76312, 85, 0h
-4055, 77384, 91, 0h
-2977, 76312, 91, 0h
-2977, 77385, 89, 0h
0, 28, 5
-4056, 78964, 88, 0h
-4064, 80034, 86, 0h
-2980, 78961, 86, 0h
-2981, 80036, 92, 0h
0, 29, 23
-4060, 81611, 87, 0h
-4060, 82685, 91, 0h
-2984, 81614, 89, 0h
-2984, 82688, 95, 0h
0, 30, 23
-4065, 84261, 89, 0h
-4063, 85341, 90, 0h
-2986, 84264, 88, 0h
-2980, 85340, 89, 0h
0, 31, 23
-4063, 86919, 86, 0h
-4064, 87996, 87, 0h
-2987, 86921, 91, 0h
-2987, 87995, 91, 0h
1, 0, 23
-582, 4681, 87, 0h
-583, 5762, 87, 0h
497, 4684, 92, 0h
496, 5762, 90, 0h
1, 1, 23
-579, 7341, 88, 0h
-580, 8416, 87, 0h
494, 7340, 91, 0h
494, 8418, 91, 0h
1, 2, 23
-574, 9996, 90, 0h
-577, 11073, 86, 0h
501, 9993, 89, 0h
498, 11071, 88, 0h
1, 3, 5
-574, 12647, 88, 0h
-569, 13725, 88, 0h
499, 12649, 91, 0h
505, 13723, 92, 0h
1, 4, 5
-568, 15302, 87, 0h
-571, 16377, 88, 0h
509, 15299, 91, 0h
509, 16376, 85, 0h
1, 5, 5
-566, 17951, 89, 0h
-564, 19035, 88, 0h
511, 17953, 86, 0h
507, 19029, 92, 0h
1, 6, 5
-565, 20605, 91, 0h
-563, 21681, 88, 0h
509, 20609, 91, 0h
512, 21682, 91, 0h
1, 7, 5
-558, 23260, 91, 0h
-558, 24335, 90, 0h
516, 23261, 91, 0h
516, 24338, 92, 0h
1, 8, 5
-560, 25910, 90, 0h
-556, 26984, 87, 0h
515, 25914, 91, 0h
520, 26983, 90, 0h
1, 9, 5
-553, 28569, 90, 0h
-555, 29639, 90, 0h
523, 28568, 91, 0h
519, 29639, 89, 0h
1, 10, 5
-551, 31221, 92, 0h
-555, 32301, 90, 0h
523, 31220, 91, 0h
522, 32298, 92, 0h
1, 11, 5
-550, 33875, 91, 0h
-550, 34952, 88, 0h
521, 33876, 91, 0h
522, 34951, 91, 0h
1, 12, 23
-551, 36531, 88, 0h
-547, 37603, 90, 0h
525, 36530, 89, 0h
525, 37602, 89, 0h
1, 13, 5
-541, 39179, 92, 0h
-549, 40257, 90, 0h
528, 39182, 89, 0h
527, 40254, 91, 0h
1, 14, 5
-547, 41834, 90, 0h
-548, 42907, 88, 0h
522, 41833, 90, 0h
526, 42908, 91, 0h
1, 15, 5
-547, 44488, 96, 0h
-544, 45563, 92, 0h
532, 44488, 91, 0h
529, 45566, 93, 0h
1, 16, 5
-546, 47137, 89, 0h
-546, 48217, 89, 0h
527, 47140, 92, 0h
527, 48216, 87, 0h
1, 17, 5
-541, 49792, 91, 0h
-543, 50866, 89, 0h
529, 49791, 92, 0h
530, 50869, 93, 0h
1, 18, 5
-545, 52440, 91, 0h
-543, 53519, 91, 0h
529, 52443, 90, 0h
531, 53517, 91, 0h
1, 19, 5
-542, 55097, 89, 0h
-542, 56174, 92, 0h
530, 55099, 92, 0h
531, 56171, 94, 0h
1, 20, 5
-542, 57748, 91, 0h
-542, 58827, 92, 0h
535, 57748, 93, 0h
526, 58824, 91, 0h
1, 21, 5
-542, 60402, 92, 0h
-545, 61473, 93, 0h
525, 60401, 89, 0h
531, 61475, 93, 0h
1, 22, 5
-545, 63052, 88, 0h
-542, 64127, 91, 0h
533, 63050, 95, 0h
526, 64127, 92, 0h
1, 23, 5
-545, 65701, 91, 0h
-545, 66784, 91, 0h
526, 65706, 91, 0h
529, 66781, 90, 0h
1, 24, 5
-547, 68354, 92, 0h
-547, 69427, 88, 0h
524, 68352, 90, 0h
525, 69429, 94, 0h
1, 25, 5
-545, 71005, 90, 0h
-543, 72082, 90, 0h
530, 71007, 92, 0h
528, 72079, 91, 0h
1, 26, 5
-549, 73656, 91, 0h
-551, 74730, 87, 0h
526, 73660, 91, 0h
521, 74730, 90, 0h
1, 27, 5
-548, 76308, 92, 0h
-548, 77384, 91, 0h
525, 76308, 89, 0h
524, 77380, 91, 0h
1, 28, 23
-547, 78958, 91, 0h
-549, 80036, 88, 0h
524, 78957, 92, 0h
531, 80034, 90, 0h
1, 29, 5
-554, 81606, 92, 0h
-553, 82680, 89, 0h
520, 81609, 90, 0h
519, 82685, 91, 0h
1, 30, 2
-554, 84261, 52, 168h
-553, 85341, 0, 64h
520, 84264, 0, 64h
519, 85340, 0, 64h
1, 31, 5
-555, 86915, 88, 0h
-551, 87990, 87, 0h
519, 86913, 92, 0h
522, 87991, 90, 0h
2, 0, 23
2927, 4691, 85, 0h
2927, 5767, 87, 0h
4004, 4693, 89, 0h
4009, 5770, 88, 0h
2, 1, 23
2932, 7342, 86, 0h
2931, 8420, 91, 0h
4007, 7342, 87, 0h
4008, 8418, 89, 0h
2, 2, 5
2936, 9994, 88, 0h
2938, 11070, 84, 0h
4012, 10000, 88, 0h
4013, 11076, 87, 0h
2, 3, 5
2938, 12654, 90, 0h
2937, 13721, 94, 0h
4013, 12652, 90, 0h
4013, 13728, 91, 0h
2, 4, 23
2939, 15302, 90, 0h
2938, 16377, 87, 0h
4013, 15303, 91, 0h
4015, 16378, 89, 0h
2, 5, 5
2945, 17953, 90, 0h
2940, 19029, 91, 0h
4020, 17954, 89, 0h
4015, 19030, 90, 0h
2, 6, 23
2947, 20607, 90, 0h
2944, 21683, 91, 0h
4020, 20608, 89, 0h
4020, 21681, 89, 0h
2, 7, 5
2943, 23264, 87, 0h
2946, 24337, 89, 0h
4020, 23261, 91, 0h
4023, 24337, 88, 0h
2, 8, 5
2948, 25918, 91, 0h
2950, 26990, 90, 0h
4025, 25916, 89, 0h
4026, 26990, 91, 0h
2, 9, 5
2953, 28565, 91, 0h
2952, 29642, 94, 0h
4027, 28565, 88, 0h
4027, 29644, 94, 0h
2, 10, 5
2947, 31216, 92, 0h
2945, 32298, 93, 0h
4024, 31215, 91, 0h
4028, 32293, 90, 0h
2, 11, 5
2947, 33873, 92, 0h
2946, 34952, 92, 0h
4024, 33875, 91, 0h
4020, 34947, 91, 0h
2, 12, 23
2951, 36526, 91, 0h
2950, 37605, 89, 0h
4029, 36529, 90, 0h
4030, 37605, 89, 0h
2, 13, 5
2949, 39183, 90, 0h
2946, 40259, 90, 0h
4030, 39180, 89, 0h
4023, 40256, 92, 0h
2, 14, 23
2949, 41837, 90, 0h
2949, 42911, 91, 0h
4026, 41834, 94, 0h
4029, 42909, 91, 0h
2, 15, 23
2951, 44486, 88, 0h
2952, 45564, 93, 0h
4031, 44491, 91, 0h
4031, 45565, 93, 0h
2, 16, 23
2954, 47138, 88, 0h
2953, 48219, 91, 0h
4032, 47142, 93, 0h
4032, 48216, 89, 0h
2, 17, 5
2956, 49796, 90, 0h
2955, 50869, 88, 0h
4032, 49794, 91, 0h
4030, 50868, 87, 0h
2, 18, 5
2953, 52444, 91, 0h
2954, 53519, 90, 0h
4027, 52446, 92, 0h
4030, 53520, 92, 0h
2, 19, 5
2957, 55096, 95, 0h
2954, 56171, 91, 0h
4036, 55097, 91, 0h
4033, 56171, 96, 0h
2, 20, 5
2956, 57748, 90, 0h
2959, 58825, 89, 0h
4031, 57753, 92, 0h
4037, 58825, 89, 0h
2, 21, 5
2958, 60404, 89, 0h
2955, 61477, 92, 0h
4034, 60402, 89, 0h
4029, 61476, 89, 0h
2, 22, 23
2960, 63054, 94, 0h
2957, 64126, 93, 0h
4031, 63053, 88, 0h
4033, 64125, 87, 0h
2, 23, 5
2958, 65704, 87, 0h
2958, 66779, 92, 0h
4034, 65703, 88, 0h
4032, 66780, 88, 0h
2, 24, 5
2957, 68353, 90, 0h
2957, 69431, 87, 0h
4035, 68357, 93, 0h
4035, 69429, 90, 0h
2, 25, 5
2958, 71008, 91, 0h
2956, 72083, 92, 0h
4032, 71010, 91, 0h
4031, 72085, 92, 0h
2, 26, 5
2956, 73657, 93, 0h
2958, 74735, 90, 0h
4032, 73657, 91, 0h
4033, 74733, 91, 0h
2, 27, 5
2953, 76309, 90, 0h
2955, 77383, 90, 0h
4035, 76306, 90, 0h
4031, 77382, 89, 0h
2, 28, 5
2951, 78959, 93, 0h
2951, 80034, 91, 0h
4033, 78955, 92, 0h
4031, 80033, 89, 0h
2, 29, 5
2953, 81609, 90, 0h
2954, 82684, 93, 0h
4034, 81612, 89, 0h
4034, 82684, 93, 0h
2, 30, 5
2955, 84259, 90, 0h
2959, 85337, 89, 0h
4033, 84265, 91, 0h
4035, 85335, 91, 0h
2, 31, 5
2956, 86913, 90, 0h
2958, 87992, 92, 0h
4038, 86913, 91, 0h
4037, 87988, 89, 0h
3, 0, 23
6434, 4686, 85, 0h
6433, 5762, 91, 0h
7516, 4687, 88, 0h
7511, 5762, 87, 0h
3, 1, 23
6439, 7338, 86, 0h
6437, 8417, 88, 0h
7516, 7342, 91, 0h
7519, 8419, 90, 0h
3, 2, 23
6445, 9991, 89, 0h
6445, 11066, 87, 0h
7513, 9994, 90, 0h
7516, 11070, 89, 0h
3, 3, 23
6441, 12644, 91, 0h
6445, 13718, 89, 0h
7513, 12648, 88, 0h
7512, 13716, 91, 0h
3, 4, 5
6445, 15296, 88, 0h
6442, 16374, 88, 0h
7517, 15294, 89, 0h
7518, 16370, 89, 0h
3, 5, 5
6452, 17950, 86, 0h
6446, 19025, 86, 0h
7526, 17944, 89, 0h
7520, 19022, 88, 0h
3, 6, 5
6448, 20603, 91, 0h
6449, 21679, 89, 0h
7522, 20607, 88, 0h
7520, 21681, 90, 0h
3, 7, 5
6448, 23260, 91, 0h
6450, 24335, 91, 0h
7520, 23259, 90, 0h
7524, 24333, 90, 0h
3, 8, 5
6451, 25909, 94, 0h
6456, 26986, 88, 0h
7525, 25913, 94, 0h
7530, 26982, 89, 0h
3, 9, 23
6455, 28563, 89, 0h
6458, 29639, 91, 0h
7525, 28559, 92, 0h
7524, 29638, 91, 0h
3, 10, 23
6455, 31214, 91, 0h
6453, 32295, 86, 0h
7531, 31213, 88, 0h
7528, 32291, 89, 0h
3, 11, 5
6451, 33868, 92, 0h
6449, 34946, 92, 0h
7532, 33867, 92, 0h
7527, 34945, 92, 0h
3, 12, 5
6458, 36523, 90, 0h
6454, 37602, 89, 0h
7532, 36525, 92, 0h
7533, 37598, 90, 0h
3, 13, 5
6455, 39177, 92, 0h
6455, 40253, 89, 0h
7531, 39176, 89, 0h
7530, 40248, 92, 0h
3, 14, 23
6456, 41830, 90, 0h
6453, 42905, 90, 0h
7525, 41830, 93, 0h
7530, 42901, 90, 0h
3, 15, 5
6460, 44484, 93, 0h
6457, 45559, 88, 0h
7538, 44482, 93, 0h
7536, 45557, 91, 0h
3, 16, 5
6460, 47134, 90, 0h
6458, 48209, 88, 0h
7534, 47136, 91, 0h
7534, 48211, 89, 0h
3, 17, 5
6462, 49790, 91, 0h
6459, 50864, 90, 0h
7528, 49791, 92, 0h
7529, 50863, 92, 0h
3, 18, 5
6462, 52443, 92, 0h
6463, 53511, 89, 0h
7527, 52436, 92, 0h
7535, 53514, 95, 0h
3, 19, 5
6460, 55089, 91, 0h
6461, 56167, 92, 0h
7538, 55093, 91, 0h
7534, 56169, 93, 0h
3, 20, 2
6460, 57748, 55, 168h
6461, 58825, 0, 64h
7538, 57753, 0, 64h
7534, 58825, 0, 64h
3, 21, 5
6462, 60402, 91, 0h
6464, 61473, 91, 0h
7539, 60398, 91, 0h
7533, 61473, 90, 0h
3, 22, 5
6464, 63048, 95, 0h
6460, 64123, 92, 0h
7529, 63050, 92, 0h
7531, 64124, 91, 0h
3, 23, 5
6462, 65701, 93, 0h
6463, 66778, 90, 0h
7532, 65707, 93, 0h
7532, 66771, 93, 0h
3, 24, 5
6459, 68349, 91, 0h
6461, 69426, 88, 0h
7534, 68357, 93, 0h
7535, 69429, 91, 0h
3, 25, 5
6466, 71006, 91, 0h
6463, 72081, 91, 0h
7542, 71002, 91, 0h
7539, 72078, 92, 0h
3, 26, 5
6463, 73656, 93, 0h
6465, 74731, 92, 0h
7538, 73656, 88, 0h
7540, 74731, 92, 0h
3, 27, 5
6464, 76304, 90, 0h
6461, 77377, 89, 0h
7541, 76302, 90, 0h
7539, 77377, 91, 0h
3, 28, 5
6461, 78953, 91, 0h
6461, 80033, 87, 0h
7539, 78954, 92, 0h
7539, 80030, 91, 0h
3, 29, 5
6460, 81606, 91, 0h
6459, 82679, 89, 0h
7539, 81609, 91, 0h
7538, 82679, 90, 0h
3, 30, 5
6468, 84256, 93, 0h
6469, 85333, 89, 0h
7546, 84258, 93, 0h
7541, 85330, 91, 0h
3, 31, 5
6466, 86909, 89, 0h
6467, 87984, 89, 0h
7542, 86911, 90, 0h
7543, 87986, 92, 0h
4, 0, 5
9949, 4690, 87, 0h
9953, 5769, 87, 0h
11027, 4692, 89, 0h
11028, 5768, 86, 0h
4, 1, 5
9951, 7345, 92, 0h
9948, 8416, 87, 0h
11030, 7344, 90, 0h
11025, 8420, 87, 0h
4, 2, 5
9952, 9995, 95, 0h
9954, 11071, 92, 0h
11030, 10000, 87, 0h
11028, 11071, 89, 0h
4, 3, 5
9956, 12647, 88, 0h
9953, 13725, 90, 0h
11035, 12650, 90, 0h
11033, 13726, 91, 0h
4, 4, 5
9955, 15300, 88, 0h
9957, 16379, 91, 0h
11034, 15299, 87, 0h
11034, 16375, 90, 0h
4, 5, 5
9959, 17953, 91, 0h
9962, 19029, 91, 0h
11038, 17952, 93, 0h
11032, 19027, 90, 0h
4, 6, 23
9959, 20602, 88, 0h
9960, 21678, 91, 0h
11029, 20605, 88, 0h
11034, 21678, 86, 0h
4, 7, 5
9960, 23261, 92, 0h
9959, 24334, 91, 0h
11034, 23258, 90, 0h
11034, 24331, 88, 0h
4, 8, 5
9960, 25912, 92, 0h
9963, 26986, 88, 0h
11036, 25913, 93, 0h
11040, 26983, 90, 0h
4, 9, 5
9963, 28565, 91, 0h
9962, 29638, 91, 0h
11039, 28565, 89, 0h
11038, 29640, 97, 0h
4, 10, 5
9960, 31216, 92, 0h
9959, 32293, 91, 0h
11037, 31214, 93, 0h
11038, 32296, 90, 0h
4, 11, 5
9958, 33870, 87, 0h
9958, 34949, 87, 0h
11039, 33872, 90, 0h
11035, 34947, 88, 0h
4, 12, 23
9968, 36523, 91, 0h
9965, 37598, 91, 0h
11045, 36523, 92, 0h
11045, 37599, 92, 0h
4, 13, 5
9962, 39171, 90, 0h
9963, 40251, 90, 0h
11042, 39171, 93, 0h
11034, 40252, 90, 0h
4, 14, 5
9964, 41829, 96, 0h
9963, 42907, 89, 0h
11040, 41829, 91, 0h
11037, 42905, 90, 0h
4, 15, 5
9968, 44484, 91, 0h
9968, 45563, 93, 0h
11047, 44488, 91, 0h
11044, 45563, 92, 0h
4, 16, 23
9967, 47142, 90, 0h
9969, 48219, 91, 0h
11047, 47140, 89, 0h
11041, 48217, 93, 0h
4, 17, 5
9966, 49792, 87, 0h
9967, 50865, 89, 0h
11042, 49791, 92, 0h
11038, 50866, 90, 0h
4, 18, 2
9966, 52443, 51, 168h
9967, 53511, 0, 64h
11042, 52436, 0, 64h
11038, 53514, 0, 64h
4, 19, 5
9966, 55095, 89, 0h
9973, 56172, 91, 0h
11046, 55097, 93, 0h
11046, 56171, 94, 0h
4, 20, 5
9966, 57746, 96, 0h
9970, 58826, 89, 0h
11046, 57748, 91, 0h
11047, 58827, 91, 0h
4, 21, 5
9966, 60401, 89, 0h
9967, 61476, 92, 0h
11047, 60400, 91, 0h
11047, 61475, 91, 0h
4, 22, 5
9965, 63054, 91, 0h
9965, 64130, 90, 0h
11046, 63053, 92, 0h
11045, 64125, 92, 0h
4, 23, 5
9967, 65703, 96, 0h
9972, 66780, 90, 0h
11045, 65704, 89, 0h
11048, 66781, 91, 0h
4, 24, 5
9972, 68358, 89, 0h
9969, 69434, 94, 0h
11045, 68357, 91, 0h
11046, 69431, 90, 0h
4, 25, 5
9968, 71004, 92, 0h
9969, 72081, 91, 0h
11046, 71005, 92, 0h
11045, 72081, 90, 0h
4, 26, 5
9972, 73657, 92, 0h
9970, 74731, 92, 0h
11049, 73653, 88, 0h
11048, 74730, 91, 0h
4, 27, 5
9972, 76305, 95, 0h
9975, 77384, 93, 0h
11053, 76307, 92, 0h
11056, 77380, 92, 0h
4, 28, 5
9974, 78957, 92, 0h
9969, 80029, 90, 0h
11052, 78954, 93, 0h
11049, 80030, 90, 0h
4, 29, 5
9977, 81610, 91, 0h
9973, 82683, 91, 0h
11051, 81609, 88, 0h
11050, 82680, 89, 0h
4, 30, 23
9974, 84257, 90, 0h
9975, 85331, 90, 0h
11051, 84255, 91, 0h
11053, 85330, 91, 0h
4, 31, 5
9978, 86906, 96, 0h
9974, 87985, 89, 0h
11056, 86906, 90, 0h
11055, 87983, 90, 0h
5, 0, 5
13460, 4686, 88, 0h
13461, 5761, 90, 0h
14537, 4685, 91, 0h
14535, 5763, 88, 0h
5, 1, 23
13456, 7339, 93, 0h
13455, 8412, 88, 0h
14536, 7339, 88, 0h
14536, 8417, 89, 0h
5, 2, 23
13459, 9987, 90, 0h
13462, 11067, 87, 0h
14539, 9994, 93, 0h
14540, 11064, 88, 0h
5, 3, 5
13463, 12644, 87, 0h
13460, 13718, 90, 0h
14540, 12644, 91, 0h
14544, 13718, 92, 0h
5, 4, 5
13463, 15296, 89, 0h
13462, 16372, 87, 0h
14539, 15294, 90, 0h
14540, 16367, 89, 0h
5, 5, 5
13464, 17944, 87, 0h
13465, 19022, 93, 0h
14545, 17945, 88, 0h
14543, 19023, 89, 0h
5, 6, 5
13467, 20597, 89, 0h
13467, 21674, 91, 0h
14542, 20599, 91, 0h
14545, 21674, 91, 0h
5, 7, 23
13465, 23250, 91, 0h
13466, 24327, 91, 0h
14544, 23254, 92, 0h
14543, 24327, 92, 0h
5, 8, 5
13465, 25906, 88, 0h
13469, 26977, 92, 0h
14544, 25903, 92, 0h
14550, 26978, 93, 0h
5, 9, 5
13471, 28560, 92, 0h
13470, 29634, 92, 0h
14548, 28560, 91, 0h
14547, 29633, 92, 0h
5, 10, 5
13472, 31210, 92, 0h
13467, 32289, 90, 0h
14543, 31207, 92, 0h
14544, 32289, 89, 0h
5, 11, 5
13465, 33862, 92, 0h
13469, 34945, 90, 0h
14542, 33865, 91, 0h
14546, 34939, 93, 0h
5, 12, 5
13472, 36520, 91, 0h
13470, 37597, 91, 0h
14550, 36518, 93, 0h
14549, 37598, 89, 0h
5, 13, 5
13475, 39168, 91, 0h
13469, 40251, 90, 0h
14550, 39169, 89, 0h
14545, 40246, 89, 0h
5, 14, 5
13468, 41826, 93, 0h
13470, 42903, 91, 0h
14547, 41827, 92, 0h
14540, 42903, 91, 0h
5, 15, 5
13474, 44480, 91, 0h
13474, 45558, 89, 0h
14551, 44482, 92, 0h
14550, 45560, 91, 0h
5, 16, 5
13473, 47136, 89, 0h
13475, 48214, 91, 0h
14550, 47137, 92, 0h
14548, 48212, 92, 0h
5, 17, 5
13471, 49785, 91, 0h
13474, 50860, 89, 0h
14552, 49789, 92, 0h
14549, 50859, 94, 0h
5, 18, 5
13473, 52433, 92, 0h
13473, 53509, 90, 0h
14548, 52435, 92, 0h
14553, 53514, 92, 0h
5, 19, 5
13476, 55089, 91, 0h
13476, 56165, 92, 0h
14557, 55087, 90, 0h
14552, 56167, 91, 0h
5, 20, 5
13474, 57744, 92, 0h
13478, 58820, 93, 0h
14553, 57741, 93, 0h
14553, 58820, 91, 0h
5, 21, 5
13475, 60398, 93, 0h
13475, 61471, 91, 0h
14553, 60397, 92, 0h
14552, 61472, 89, 0h
5, 22, 5
13471, 63046, 92, 0h
13472, 64124, 91, 0h
14554, 63045, 91, 0h
14554, 64119, 94, 0h
5, 23, 5
13473, 65699, 89, 0h
13474, 66773, 91, 0h
14553, 65700, 91, 0h
14553, 66773, 92, 0h
5, 24, 5
13476, 68352, 90, 0h
13474, 69428, 89, 0h
14551, 68348, 93, 0h
14552, 69425, 91, 0h
5, 25, 5
13476, 71002, 95, 0h
13479, 72078, 92, 0h
14555, 71000, 92, 0h
14555, 72075, 94, 0h
5, 26, 23
13476, 73652, 89, 0h
13478, 74726, 90, 0h
14552, 73654, 92, 0h
14552, 74729, 85, 0h
5, 27, 5
13480, 76305, 90, 0h
13478, 77379, 92, 0h
14560, 76302, 91, 0h
14559, 77378, 92, 0h
5, 28, 2
13480, 78957, 91, 0h
13478, 80029, 87, 0h
14560, 78954, 90, 0h
14559, 80030, 0, 64h
5, 29, 5
13483, 81605, 88, 0h
13481, 82676, 91, 0h
14554, 81605, 92, 0h
14554, 82678, 91, 0h
5, 30, 5
13485, 84252, 91, 0h
13482, 85328, 88, 0h
14564, 84252, 91, 0h
14560, 85328, 91, 0h
5, 31, 5
13484, 86905, 89, 0h
13484, 87981, 91, 0h
14559, 86903, 89, 0h
14559, 87981, 92, 0h
6, 0, 5
16972, 4691, 89, 0h
16973, 5768, 90, 0h
18052, 4690, 94, 0h
18051, 5766, 90, 0h
6, 1, 5
16974, 7343, 91, 0h
16975, 8422, 92, 0h
18051, 7341, 90, 0h
18050, 8418, 92, 0h
6, 2, 5
16978, 9995, 91, 0h
16977, 11070, 89, 0h
18055, 9996, 89, 0h
18053, 11069, 90, 0h
6, 3, 5
16979, 12642, 89, 0h
16977, 13718, 90, 0h
18055, 12647, 91, 0h
18054, 13719, 89, 0h
6, 4, 23
16975, 15297, 91, 0h
16978, 16374, 91, 0h
18056, 15296, 91, 0h
18049, 16372, 88, 0h
6, 5, 5
16980, 17948, 91, 0h
16981, 19022, 90, 0h
18057, 17950, 91, 0h
18057, 19025, 88, 0h
6, 6, 5
16981, 20603, 90, 0h
16982, 21677, 91, 0h
18057, 20603, 88, 0h
18059, 21678, 91, 0h
6, 7, 5
16977, 23257, 90, 0h
16975, 24329, 89, 0h
18060, 23254, 92, 0h
18054, 24333, 91, 0h
6, 8, 5
16981, 25906, 91, 0h
16984, 26985, 91, 0h
18053, 25906, 93, 0h
18063, 26985, 94, 0h
6, 9, 5
16985, 28564, 90, 0h
16984, 29637, 92, 0h
18063, 28562, 91, 0h
18061, 29636, 92, 0h
6, 10, 5
16980, 31211, 91, 0h
16976, 32291, 88, 0h
18059, 31213, 93, 0h
18059, 32288, 89, 0h
6, 11, 5
16979, 33870, 91, 0h
16976, 34945, 95, 0h
18061, 33867, 92, 0h
18057, 34946, 91, 0h
6, 12, 5
16982, 36523, 90, 0h
16982, 37601, 90, 0h
18065, 36523, 90, 0h
18063, 37598, 90, 0h
6, 13, 5
16982, 39175, 93, 0h
16978, 40254, 92, 0h
18064, 39173, 89, 0h
18058, 40252, 94, 0h
6, 14, 5
16978, 41827, 91, 0h
16981, 42905, 90, 0h
18055, 41828, 93, 0h
18057, 42904, 95, 0h
6, 15, 5
16986, 44486, 90, 0h
16985, 45562, 91, 0h
18063, 44483, 91, 0h
18063, 45559, 92, 0h
6, 16, 2
16988, 47137, 91, 0h
16981, 48229, 101, 168h
18064, 47140, 94, 0h
18063, 48214, 92, 0h
6, 17, 5
16985, 49791, 91, 0h
16984, 50863, 92, 0h
18063, 49787, 92, 0h
18060, 50866, 91, 0h
6, 18, 5
16983, 52439, 91, 0h
16990, 53518, 91, 0h
18063, 52441, 92, 0h
18067, 53516, 95, 0h
6, 19, 5
16987, 55095, 91, 0h
16990, 56174, 93, 0h
18064, 55091, 94, 0h
18061, 56171, 93, 0h
6, 20, 5
16986, 57742, 91, 0h
16983, 58821, 91, 0h
18061, 57744, 95, 0h
18063, 58821, 90, 0h
6, 21, 5
16987, 60400, 95, 0h
16982, 61473, 91, 0h
18065, 60400, 90, 0h
18062, 61473, 91, 0h
6, 22, 5
16985, 63050, 90, 0h
16986, 64128, 92, 0h
18062, 63051, 93, 0h
18062, 64127, 94, 0h
6, 23, 5
16987, 65701, 93, 0h
16991, 66781, 92, 0h
18067, 65704, 93, 0h
18067, 66785, 98, 0h
6, 24, 5
16985, 68353, 93, 0h
16991, 69430, 92, 0h
18065, 68356, 92, 0h
18067, 69427, 92, 0h
6, 25, 5
16986, 71004, 92, 0h
16987, 72080, 93, 0h
18065, 71004, 93, 0h
18067, 72084, 88, 0h
6, 26, 5
16987, 73653, 90, 0h
16986, 74730, 92, 0h
18068, 73655, 91, 0h
18066, 74731, 91, 0h
6, 27, 5
16988, 76303, 89, 0h
16992, 77377, 90, 0h
18070, 76305, 93, 0h
18072, 77379, 91, 0h
6, 28, 5
16993, 78955, 92, 0h
16990, 80027, 89, 0h
18071, 78952, 93, 0h
18068, 80028, 90, 0h
6, 29, 5
16991, 81601, 92, 0h
16994, 82677, 92, 0h
18067, 81604, 92, 0h
18068, 82677, 91, 0h
6, 30, 5
16987, 84255, 92, 0h
16993, 85329, 93, 0h
18068, 84253, 90, 0h
18070, 85329, 92, 0h
6, 31, 5
16997, 86910, 91, 0h
16995, 87988, 91, 0h
18075, 86908, 91, 0h
18072, 87985, 91, 0h
7, 0, 5
20482, 4685, 90, 0h
20482, 5763, 89, 0h
21561, 4683, 92, 0h
21558, 5762, 87, 0h
7, 1, 23
20482, 7339, 90, 0h
20482, 8417, 95, 0h
21562, 7339, 89, 0h
21557, 8416, 90, 0h
7, 2, 23
20489, 9987, 88, 0h
20489, 11065, 90, 0h
21564, 9992, 93, 0h
21564, 11065, 89, 0h
7, 3, 5
20487, 12636, 90, 0h
20488, 13713, 90, 0h
21562, 12640, 89, 0h
21563, 13713, 91, 0h
7, 4, 23
20490, 15293, 88, 0h
20489, 16370, 88, 0h
21567, 15291, 94, 0h
21563, 16367, 90, 0h
7, 5, 5
20488, 17943, 89, 0h
20490, 19020, 91, 0h
21564, 17945, 91, 0h
21566, 19018, 91, 0h
7, 6, 5
20488, 20594, 90, 0h
20490, 21672, 91, 0h
21569, 20592, 93, 0h
21568, 21668, 90, 0h
7, 7, 5
20488, 23250, 94, 0h
20486, 24326, 91, 0h
21567, 23251, 94, 0h
21566, 24327, 92, 0h
7, 8, 5
20492, 25902, 90, 0h
20494, 26979, 86, 0h
21567, 25903, 93, 0h
21573, 26981, 94, 0h
7, 9, 5
20494, 28559, 89, 0h
20494, 29632, 91, 0h
21574, 28557, 92, 0h
21571, 29630, 91, 0h
7, 10, 5
20490, 31211, 90, 0h
20484, 32289, 91, 0h
21564, 31209, 92, 0h
21565, 32286, 89, 0h
7, 11, 5
20488, 33862, 95, 0h
20486, 34940, 91, 0h
21566, 33862, 91, 0h
21562, 34942, 92, 0h
7, 12, 5
20489, 36521, 91, 0h
20492, 37596, 93, 0h
21569, 36520, 91, 0h
21570, 37594, 90, 0h
7, 13, 5
20492, 39172, 90, 0h
20487, 40250, 90, 0h
21571, 39173, 89, 0h
21565, 40248, 91, 0h
7, 14, 5
20485, 41824, 90, 0h
20487, 42900, 92, 0h
21563, 41822, 91, 0h
21565, 42903, 89, 0h
7, 15, 5
20492, 44478, 91, 0h
20494, 45555, 92, 0h
21572, 44478, 93, 0h
21573, 45551, 87, 0h
7, 16, 5
20495, 47131, 92, 0h
20488, 48222, 100, 0h
21572, 47131, 92, 0h
21570, 48208, 92, 0h
7, 17, 5
20493, 49782, 92, 0h
20493, 50856, 96, 0h
21571, 49780, 91, 0h
21569, 50855, 92, 0h
7, 18, 5
20494, 52432, 90, 0h
20492, 53514, 90, 0h
21575, 52431, 94, 0h
21571, 53514, 95, 0h
7, 19, 5
20495, 55091, 91, 0h
20494, 56169, 90, 0h
21571, 55087, 94, 0h
21570, 56167, 93, 0h
7, 20, 5
20496, 57742, 92, 0h
20493, 58819, 89, 0h
21569, 57742, 93, 0h
21570, 58817, 92, 0h
7, 21, 5
20492, 60395, 91, 0h
20488, 61469, 92, 0h
21569, 60397, 92, 0h
21566, 61473, 91, 0h
7, 22, 5
20491, 63047, 91, 0h
20495, 64125, 92, 0h
21570, 63051, 92, 0h
21573, 64122, 92, 0h
7, 23, 5
20494, 65699, 92, 0h
20491, 66769, 91, 0h
21576, 65698, 95, 0h
21571, 66775, 94, 0h
7, 24, 5
20493, 68349, 92, 0h
20496, 69423, 92, 0h
21573, 68351, 91, 0h
21571, 69422, 92, 0h
7, 25, 5
20498, 71001, 90, 0h
20496, 72074, 89, 0h
21573, 71000, 91, 0h
21573, 72080, 92, 0h
7, 26, 5
20497, 73648, 94, 0h
20497, 74723, 89, 0h
21574, 73649, 92, 0h
21572, 74727, 98, 0h
7, 27, 5
20495, 76301, 89, 0h
20500, 77374, 91, 0h
21576, 76297, 91, 0h
21575, 77375, 91, 0h
7, 28, 5
20502, 78948, 92, 0h
20502, 80030, 88, 0h
21574, 78950, 92, 0h
21577, 80032, 91, 0h
7, 29, 5
20499, 81600, 91, 0h
20499, 82673, 90, 0h
21574, 81598, 92, 0h
21573, 82674, 91, 0h
7, 30, 5
20502, 84253, 93, 0h
20502, 85327, 91, 0h
21582, 84251, 92, 0h
21579, 85326, 92, 0h
7, 31, 5
20503, 86903, 91, 0h
20504, 87984, 91, 0h
21578, 86904, 90, 0h
21583, 87979, 87, 0h
8, 0, 5
24000, 4690, 89, 0h
24003, 5766, 90, 0h
25079, 4694, 89, 0h
25076, 5764, 90, 0h
8, 1, 5
24000, 7339, 89, 0h
23996, 8418, 97, 0h
25080, 7342, 91, 0h
25079, 8416, 91, 0h
8, 2, 5
23999, 9993, 93, 0h
23999, 11068, 89, 0h
25081, 9991, 92, 0h
25078, 11066, 92, 0h
8, 3, 5
24003, 12645, 87, 0h
24004, 13716, 94, 0h
25081, 12650, 92, 0h
25082, 13718, 88, 0h
8, 4, 5
24004, 15294, 93, 0h
24004, 16370, 89, 0h
25082, 15297, 91, 0h
25082, 16371, 94, 0h
8, 5, 5
24005, 17947, 91, 0h
24003, 19026, 91, 0h
25085, 17945, 92, 0h
25083, 19024, 97, 0h
8, 6, 2
24005, 20594, 49, 168h
24003, 21672, 0, 64h
25085, 20592, 0, 64h
25083, 21668, 0, 64h
8, 7, 5
24004, 23254, 94, 0h
24006, 24332, 94, 0h
25086, 23253, 92, 0h
25080, 24329, 92, 0h
8, 8, 5
24005, 25908, 90, 0h
24011, 26979, 92, 0h
25084, 25913, 91, 0h
25091, 26981, 89, 0h
8, 9, 5
24009, 28559, 91, 0h
24008, 29633, 94, 0h
25090, 28558, 91, 0h
25089, 29633, 91, 0h
8, 10, 5
24001, 31209, 92, 0h
24001, 32287, 91, 0h
25082, 31210, 92, 0h
25081, 32288, 92, 0h
8, 11, 5
24000, 33867, 88, 0h
24000, 34943, 91, 0h
25081, 33863, 91, 0h
25079, 34942, 88, 0h
8, 12, 5
24006, 36518, 90, 0h
24009, 37593, 88, 0h
25087, 36521, 92, 0h
25086, 37597, 91, 0h
8, 13, 5
24008, 39172, 88, 0h
24004, 40249, 94, 0h
25088, 39175, 93, 0h
25083, 40250, 91, 0h
8, 14, 5
24006, 41827, 94, 0h
24006, 42907, 95, 0h
25084, 41828, 93, 0h
25084, 42904, 91, 0h
8, 15, 5
24008, 44483, 88, 0h
24008, 45561, 89, 0h
25087, 44484, 89, 0h
25085, 45560, 90, 0h
8, 16, 5
24011, 47136, 94, 0h
24008, 48212, 89, 0h
25087, 47133, 88, 0h
25087, 48212, 92, 0h
8, 17, 5
24011, 49785, 94, 0h
24007, 50865, 95, 0h
25085, 49789, 94, 0h
25087, 50865, 96, 0h
8, 18, 5
24009, 52442, 92, 0h
24009, 53516, 92, 0h
25088, 52440, 93, 0h
25087, 53517, 91, 0h
8, 19, 5
24013, 55093, 92, 0h
24008, 56170, 92, 0h
25088, 55094, 91, 0h
25085, 56168, 92, 0h
8, 20, 5
24002, 57738, 93, 0h
24005, 58820, 91, 0h
25085, 57743, 92, 0h
25083, 58818, 89, 0h
8, 21, 5
24008, 60397, 91, 0h
24002, 61475, 91, 0h
25086, 60399, 92, 0h
25082, 61472, 92, 0h
8, 22, 23
24008, 63050, 89, 0h
24009, 64128, 94, 0h
25088, 63050, 93, 0h
25085, 64123, 91, 0h
8, 23, 5
24008, 65701, 90, 0h
24008, 66779, 90, 0h
25086, 65702, 91, 0h
25084, 66776, 92, 0h
8, 24, 5
24011, 68355, 90, 0h
24009, 69428, 91, 0h
25087, 68354, 91, 0h
25086, 69425, 92, 0h
8, 25, 5
24006, 71001, 91, 0h
24007, 72075, 91, 0h
25082, 71003, 92, 0h
25085, 72078, 92, 0h
8, 26, 5
24011, 73653, 92, 0h
24008, 74727, 92, 0h
25086, 73654, 92, 0h
25087, 74727, 91, 0h
8, 27, 5
24013, 76302, 90, 0h
24012, 77378, 94, 0h
25090, 76300, 92, 0h
25091, 77375, 90, 0h
8, 28, 5
24016, 78953, 93, 0h
24010, 80026, 90, 0h
25092, 78949, 91, 0h
25092, 80026, 92, 0h
8, 29, 23
24016, 81604, 93, 0h
24016, 82676, 91, 0h
25091, 81604, 91, 0h
25094, 82678, 89, 0h
8, 30, 5
24016, 84253, 94, 0h
24015, 85328, 88, 0h
25090, 84254, 92, 0h
25097, 85330, 92, 0h
8, 31, 5
24017, 86904, 92, 0h
24018, 87982, 91, 0h
25097, 86904, 92, 0h
25097, 87978, 92, 0h
9, 0, 23
27509, 4682, 90, 0h
27511, 5757, 85, 0h
28592, 4683, 91, 0h
28586, 5759, 91, 0h
9, 1, 23
27508, 7335, 89, 0h
27504, 8414, 92, 0h
28591, 7336, 91, 0h
28590, 8416, 89, 0h
9, 2, 5
27511, 9987, 90, 0h
27512, 11061, 86, 0h
28587, 9986, 92, 0h
28589, 11058, 89, 0h
9, 3, 5
27513, 12637, 88, 0h
27513, 13713, 90, 0h
28590, 12642, 89, 0h
28588, 13716, 88, 0h
9, 4, 5
27516, 15290, 90, 0h
27511, 16366, 89, 0h
28589, 15293, 91, 0h
28588, 16361, 92, 0h
9, 5, 5
27511, 17942, 91, 0h
27512, 19020, 90, 0h
28589, 17943, 89, 0h
28590, 19020, 89, 0h
9, 6, 2
27512, 20594, 52, 168h
27512, 21672, 0, 64h
28589, 20592, 0, 64h
28590, 21668, 0, 64h
9, 7, 5
27513, 23253, 91, 0h
27514, 24327, 91, 0h
28590, 23253, 93, 0h
28589, 24324, 92, 0h
9, 8, 5
27516, 25903, 91, 0h
27520, 26976, 90, 0h
28590, 25906, 92, 0h
28594, 26981, 87, 0h
9, 9, 5
27520, 28556, 95, 0h
27515, 29632, 89, 0h
28595, 28556, 93, 0h
28593, 29630, 89, 0h
9, 10, 5
27512, 31209, 90, 0h
27510, 32285, 91, 0h
28594, 31207, 92, 0h
28592, 32283, 90, 0h
9, 11, 2
27512, 33867, 55, 168h
27510, 34943, 0, 64h
28594, 33863, 0, 64h
28592, 34942, 0, 64h
9, 12, 5
27516, 36516, 92, 0h
27518, 37596, 89, 0h
28596, 36517, 92, 0h
28592, 37593, 90, 0h
9, 13, 5
27523, 39166, 92, 0h
27514, 40245, 90, 0h
28596, 39168, 92, 0h
28591, 40246, 92, 0h
9, 14, 5
27513, 41821, 91, 0h
27514, 42899, 89, 0h
28589, 41824, 92, 0h
28590, 42898, 96, 0h
9, 15, 5
27517, 44476, 90, 0h
27517, 45556, 92, 0h
28595, 44479, 92, 0h
28594, 45555, 91, 0h
9, 16, 5
27521, 47133, 92, 0h
27518, 48207, 93, 0h
28597, 47127, 92, 0h
28595, 48206, 95, 0h
9, 17, 5
27516, 49777, 90, 0h
27515, 50859, 92, 0h
28592, 49781, 92, 0h
28592, 50856, 92, 0h
9, 18, 5
27514, 52429, 90, 0h
27511, 53508, 90, 0h
28594, 52428, 91, 0h
28596, 53511, 87, 0h
9, 19, 5
27517, 55086, 90, 0h
27515, 56163, 91, 0h
28597, 55088, 92, 0h
28595, 56160, 89, 0h
9, 20, 5
27516, 57738, 91, 0h
27513, 58814, 88, 0h
28597, 57738, 93, 0h
28593, 58813, 91, 0h
9, 21, 5
27517, 60390, 90, 0h
27517, 61464, 90, 0h
28593, 60395, 92, 0h
28591, 61468, 91, 0h
9, 22, 5
27517, 63041, 91, 0h
27519, 64119, 92, 0h
28596, 63046, 94, 0h
28596, 64116, 92, 0h
9, 23, 5
27520, 65694, 96, 0h
27512, 66772, 90, 0h
28596, 65694, 93, 0h
28590, 66770, 92, 0h
9, 24, 23
27514, 68348, 91, 0h
27514, 69426, 87, 0h
28595, 68348, 93, 0h
28595, 69420, 88, 0h
9, 25, 5
27518, 70999, 93, 0h
27514, 72073, 92, 0h
28595, 71000, 91, 0h
28594, 72076, 92, 0h
9, 26, 5
27519, 73650, 90, 0h
27513, 74722, 89, 0h
28593, 73652, 92, 0h
28596, 74726, 91, 0h
9, 27, 5
27519, 76300, 91, 0h
27520, 77375, 91, 0h
28599, 76299, 93, 0h
28595, 77374, 92, 0h
9, 28, 5
27522, 78947, 91, 0h
27525, 80031, 94, 0h
28600, 78948, 90, 0h
28604, 80027, 94, 0h
9, 29, 5
27522, 81603, 92, 0h
27522, 82672, 87, 0h
28597, 81603, 91, 0h
28599, 82676, 89, 0h
9, 30, 5
27523, 84251, 92, 0h
27523, 85326, 87, 0h
28601, 84250, 91, 0h
28602, 85325, 92, 0h
9, 31, 5
27524, 86900, 97, 0h
27526, 87977, 94, 0h
28600, 86900, 92, 0h
28603, 87977, 92, 0h
10, 0, 5
31028, 4687, 89, 0h
31027, 5766, 89, 0h
32107, 4689, 90, 0h
32107, 5764, 92, 0h
10, 1, 5
31026, 7340, 86, 0h
31027, 8416, 87, 0h
32105, 7342, 92, 0h
32108, 8417, 91, 0h
10, 2, 5
31028, 9993, 89, 0h
31028, 11071, 91, 0h
32111, 9990, 91, 0h
32108, 11064, 91, 0h
10, 3, 5
31029, 12643, 85, 0h
31027, 13713, 93, 0h
32101, 12639, 89, 0h
32100, 13715, 89, 0h
10, 4, 23
31023, 15295, 94, 0h
31026, 16372, 86, 0h
32109, 15295, 93, 0h
32108, 16369, 88, 0h
10, 5, 5
31030, 17943, 90, 0h
31032, 19017, 90, 0h
32111, 17943, 91, 0h
32111, 19021, 93, 0h
10, 6, 5
31027, 20595, 91, 0h
31029, 21671, 93, 0h
32109, 20595, 89, 0h
32107, 21675, 89, 0h
10, 7, 5
31030, 23251, 94, 0h
31029, 24326, 92, 0h
32105, 23254, 95, 0h
32104, 24329, 94, 0h
10, 8, 5
31027, 25906, 91, 0h
31035, 26982, 92, 0h
32105, 25905, 92, 0h
32109, 26977, 97, 0h
10, 9, 5
31037, 28564, 93, 0h
31033, 29635, 95, 0h
32109, 28558, 92, 0h
32115, 29633, 92, 0h
10, 10, 5
31030, 31211, 90, 0h
31033, 32288, 93, 0h
32111, 31211, 91, 0h
32110, 32287, 89, 0h
10, 11, 5
31032, 33861, 94, 0h
31027, 34945, 92, 0h
32113, 33864, 90, 0h
32110, 34938, 92, 0h
10, 12, 5
31038, 36517, 90, 0h
31039, 37595, 94, 0h
32115, 36522, 95, 0h
32114, 37594, 90, 0h
10, 13, 5
31037, 39172, 91, 0h
31030, 40245, 95, 0h
32115, 39171, 92, 0h
32110, 40248, 91, 0h
10, 14, 5
31033, 41825, 91, 0h
31033, 42903, 93, 0h
32116, 41824, 93, 0h
32115, 42901, 91, 0h
10, 15, 5
31041, 44477, 91, 0h
31037, 45559, 92, 0h
32115, 44476, 91, 0h
32113, 45553, 90, 0h
10, 16, 5
31036, 47136, 92, 0h
31036, 48210, 94, 0h
32111, 47134, 91, 0h
32106, 48213, 92, 0h
10, 17, 2
31036, 49777, 56, 168h
31036, 50859, 0, 64h
32111, 49781, 0, 64h
32106, 50856, 0, 64h
10, 18, 5
31035, 52436, 92, 0h
31036, 53517, 92, 0h
32110, 52436, 92, 0h
32112, 53516, 92, 0h
10, 19, 5
31035, 55087, 94, 0h
31035, 56164, 92, 0h
32114, 55092, 93, 0h
32109, 56167, 95, 0h
10, 20, 5
31036, 57739, 89, 0h
31034, 58818, 88, 0h
32112, 57741, 93, 0h
32116, 58817, 93, 0h
10, 21, 5
31033, 60398, 90, 0h
31033, 61473, 91, 0h
32113, 60395, 91, 0h
32112, 61472, 91, 0h
10, 22, 5
31033, 63048, 95, 0h
31033, 64127, 89, 0h
32110, 63046, 91, 0h
32112, 64122, 92, 0h
10, 23, 5
31033, 65701, 91, 0h
31031, 66775, 92, 0h
32108, 65700, 91, 0h
32109, 66772, 92, 0h
10, 24, 23
31034, 68351, 90, 0h
31033, 69427, 92, 0h
32110, 68350, 92, 0h
32107, 69427, 92, 0h
10, 25, 5
31030, 71000, 89, 0h
31032, 72077, 92, 0h
32115, 71002, 93, 0h
32113, 72076, 95, 0h
10, 26, 5
31035, 73655, 92, 0h
31034, 74729, 92, 0h
32113, 73649, 93, 0h
32111, 74727, 92, 0h
10, 27, 5
31036, 76299, 93, 0h
31033, 77375, 92, 0h
32115, 76303, 93, 0h
32114, 77374, 91, 0h
10, 28, 5
31035, 78953, 90, 0h
31033, 80025, 89, 0h
32115, 78951, 91, 0h
32115, 80027, 92, 0h
10, 29, 5
31037, 81603, 90, 0h
31034, 82676, 91, 0h
32116, 81603, 91, 0h
32117, 82678, 92, 0h
10, 30, 5
31035, 84249, 91, 0h
31036, 85327, 89, 0h
32114, 84252, 93, 0h
32117, 85326, 91, 0h
10, 31, 5
31042, 86903, 90, 0h
31039, 87979, 91, 0h
32116, 86900, 91, 0h
32120, 87981, 92, 0h
11, 0, 5
34543, 4679, 89, 0h
34538, 5758, 91, 0h
35618, 4683, 92, 0h
35618, 5760, 90, 0h
11, 1, 5
34535, 7333, 92, 0h
34533, 8412, 88, 0h
35618, 7335, 92, 0h
35620, 8407, 92, 0h
11, 2, 5
34538, 9986, 91, 0h
34537, 11060, 89, 0h
35618, 9986, 92, 0h
35616, 11056, 91, 0h
11, 3, 23
34540, 12636, 87, 0h
34539, 13716, 92, 0h
35615, 12634, 95, 0h
35614, 13714, 91, 0h
11, 4, 5
34540, 15288, 93, 0h
34541, 16361, 89, 0h
35616, 15290, 92, 0h
35616, 16364, 92, 0h
11, 5, 5
34540, 17942, 91, 0h
34541, 19019, 90, 0h
35618, 17943, 91, 0h
35619, 19017, 95, 0h
11, 6, 5
34538, 20594, 92, 0h
34541, 21667, 92, 0h
35618, 20592, 94, 0h
35619, 21670, 96, 0h
11, 7, 5
34539, 23250, 91, 0h
34541, 24323, 91, 0h
35614, 23249, 95, 0h
35614, 24321, 93, 0h
11, 8, 5
34540, 25901, 92, 0h
34543, 26980, 88, 0h
35616, 25903, 91, 0h
35620, 26974, 95, 0h
11, 9, 5
34541, 28556, 92, 0h
34543, 29630, 92, 0h
35619, 28555, 97, 0h
35622, 29630, 93, 0h
11, 10, 5
34542, 31208, 91, 0h
34541, 32282, 91, 0h
35620, 31206, 92, 0h
35618, 32284, 90, 0h
11, 11, 5
34540, 33860, 90, 0h
34540, 34935, 93, 0h
35620, 33859, 95, 0h
35615, 34937, 93, 0h
11, 12, 5
34550, 36514, 90, 0h
34546, 37591, 89, 0h
35624, 36517, 95, 0h
35621, 37591, 91, 0h
11, 13, 5
34545, 39170, 91, 0h
34540, 40243, 90, 0h
35625, 39173, 94, 0h
35621, 40245, 94, 0h
11, 14, 5
34542, 41821, 91, 0h
34540, 42897, 90, 0h
35622, 41822, 95, 0h
35622, 42897, 91, 0h
11, 15, 5
34543, 44475, 91, 0h
34547, 45555, 92, 0h
35623, 44477, 92, 0h
35625, 45555, 95, 0h
11, 16, 5
34547, 47130, 91, 0h
34546, 48207, 92, 0h
35626, 47126, 95, 0h
35619, 48205, 90, 0h
11, 17, 5
34542, 49780, 91, 0h
34540, 50857, 91, 0h
35620, 49781, 92, 0h
35623, 50854, 92, 0h
11, 18, 5
34544, 52434, 94, 0h
34544, 53505, 94, 0h
35620, 52432, 92, 0h
35622, 53511, 89, 0h
11, 19, 5
34544, 55086, 93, 0h
34546, 56160, 88, 0h
35629, 55086, 94, 0h
35624, 56159, 94, 0h
11, 20, 5
34542, 57738, 91, 0h
34541, 58816, 88, 0h
35621, 57738, 94, 0h
35622, 58813, 92, 0h
11, 21, 5
34543, 60391, 92, 0h
34542, 61464, 91, 0h
35623, 60390, 94, 0h
35617, 61466, 93, 0h
11, 22, 5
34544, 63044, 94, 0h
34545, 64120, 93, 0h
35623, 63044, 96, 0h
35623, 64117, 92, 0h
11, 23, 5
34546, 65694, 87, 0h
34542, 66765, 89, 0h
35621, 65693, 93, 0h
35621, 66768, 92, 0h
11, 24, 5
34543, 68344, 91, 0h
34543, 69421, 90, 0h
35620, 68346, 94, 0h
35619, 69421, 90, 0h
11, 25, 5
34543, 71000, 91, 0h
34544, 72075, 93, 0h
35624, 70999, 95, 0h
35622, 72072, 92, 0h
11, 26, 5
34541, 73650, 93, 0h
34544, 74723, 89, 0h
35619, 73649, 96, 0h
35619, 74722, 90, 0h
11, 27, 5
34547, 76296, 92, 0h
34543, 77369, 91, 0h
35623, 76297, 93, 0h
35623, 77373, 93, 0h
11, 28, 5
34544, 78947, 91, 0h
34544, 80026, 91, 0h
35620, 78948, 93, 0h
35621, 80028, 91, 0h
11, 29, 5
34544, 81600, 94, 0h
34543, 82673, 91, 0h
35621, 81597, 91, 0h
35624, 82673, 91, 0h
11, 30, 5
34549, 84244, 95, 0h
34547, 85323, 88, 0h
35628, 84245, 91, 0h
35627, 85322, 88, 0h
11, 31, 5
34548, 86896, 90, 0h
34549, 87977, 89, 0h
35622, 86897, 91, 0h
35626, 87977, 91, 0h
12, 0, 5
38056, 4689, 92, 0h
38056, 5767, 90, 0h
39139, 4684, 95, 0h
39134, 5766, 93, 0h
12, 1, 5
38052, 7340, 93, 0h
38053, 8418, 91, 0h
39135, 7340, 92, 0h
39128, 8423, 95, 0h
12, 2, 5
38055, 9991, 90, 0h
38054, 11067, 90, 0h
39133, 9992, 91, 0h
39134, 11063, 89, 0h
12, 3, 23
38053, 12642, 87, 0h
38053, 13715, 91, 0h
39134, 12639, 92, 0h
39135, 13718, 92, 0h
12, 4, 5
38055, 15292, 91, 0h
38056, 16370, 92, 0h
39134, 15294, 93, 0h
39136, 16367, 91, 0h
12, 5, 5
38053, 17941, 89, 0h
38056, 19019, 91, 0h
39138, 17942, 92, 0h
39136, 19019, 92, 0h
12, 6, 5
38057, 20594, 92, 0h
38053, 21674, 92, 0h
39138, 20593, 94, 0h
39133, 21670, 87, 0h
12, 7, 5
38061, 23245, 91, 0h
38061, 24327, 95, 0h
39136, 23251, 93, 0h
39131, 24329, 91, 0h
12, 8, 5
38054, 25903, 91, 0h
38062, 26980, 92, 0h
39135, 25907, 91, 0h
39138, 26980, 91, 0h
12, 9, 5
38058, 28554, 92, 0h
38064, 29631, 93, 0h
39140, 28557, 92, 0h
39137, 29635, 93, 0h
12, 10, 5
38060, 31211, 95, 0h
38063, 32287, 98, 0h
39134, 31206, 95, 0h
39136, 32283, 93, 0h
12, 11, 5
38058, 33859, 92, 0h
38058, 34940, 91, 0h
39138, 33863, 92, 0h
39132, 34937, 90, 0h
12, 12, 5
38062, 36514, 88, 0h
38062, 37596, 92, 0h
39146, 36517, 93, 0h
39142, 37592, 90, 0h
12, 13, 5
38064, 39167, 91, 0h
38061, 40244, 91, 0h
39142, 39167, 91, 0h
39142, 40248, 92, 0h
12, 14, 5
38062, 41825, 92, 0h
38064, 42897, 91, 0h
39145, 41821, 91, 0h
39142, 42897, 91, 0h
12, 15, 23
38067, 44478, 94, 0h
38068, 45556, 92, 0h
39146, 44480, 92, 0h
39143, 45555, 91, 0h
12, 16, 5
38069, 47131, 94, 0h
38061, 48211, 91, 0h
39147, 47130, 91, 0h
39146, 48211, 91, 0h
12, 17, 5
38061, 49783, 91, 0h
38060, 50861, 94, 0h
39136, 49783, 92, 0h
39139, 50856, 91, 0h
12, 18, 5
38065, 52434, 93, 0h
38061, 53516, 93, 0h
39146, 52433, 96, 0h
39144, 53510, 92, 0h
12, 19, 5
38062, 55090, 92, 0h
38062, 56165, 92, 0h
39141, 55090, 91, 0h
39140, 56165, 93, 0h
12, 20, 5
38059, 57739, 92, 0h
38058, 58813, 91, 0h
39139, 57738, 92, 0h
39141, 58816, 91, 0h
12, 21, 5
38058, 60396, 92, 0h
38057, 61470, 92, 0h
39141, 60395, 97, 0h
39142, 61468, 93, 0h
12, 22, 5
38064, 63046, 93, 0h
38061, 64126, 92, 0h
39142, 63045, 93, 0h
39144, 64123, 91, 0h
12, 23, 5
38060, 65698, 91, 0h
38054, 66774, 91, 0h
39138, 65699, 91, 0h
39136, 66773, 90, 0h
12, 24, 5
38057, 68350, 92, 0h
38059, 69424, 92, 0h
39133, 68351, 94, 0h
39134, 69426, 91, 0h
12, 25, 5
38061, 71000, 92, 0h
38059, 72078, 91, 0h
39140, 70999, 92, 0h
39139, 72079, 93, 0h
12, 26, 23
38064, 73651, 92, 0h
38057, 74726, 91, 0h
39141, 73649, 94, 0h
39139, 74725, 87, 0h
12, 27, 5
38059, 76295, 94, 0h
38058, 77373, 91, 0h
39138, 76299, 88, 0h
39140, 77372, 91, 0h
12, 28, 5
38057, 78947, 91, 0h
38059, 80020, 94, 0h
39134, 78947, 91, 0h
39136, 80022, 90, 0h
12, 29, 5
38059, 81601, 93, 0h
38058, 82677, 91, 0h
39140, 81599, 92, 0h
39140, 82671, 90, 0h
12, 30, 5
38056, 84249, 89, 0h
38062, 85325, 90, 0h
39142, 84245, 92, 0h
39142, 85325, 90, 0h
12, 31, 5
38063, 86897, 91, 0h
38063, 87973, 93, 0h
39142, 86897, 92, 0h
39140, 87971, 89, 0h
13, 0, 5
41567, 4682, 90, 0h
41565, 5762, 89, 0h
42644, 4680, 92, 0h
42641, 5762, 92, 0h
13, 1, 23
41562, 7332, 90, 0h
41562, 8411, 88, 0h
42646, 7336, 92, 0h
42641, 8411, 89, 0h
13, 2, 5
41562, 9988, 89, 0h
41561, 11060, 88, 0h
42641, 9988, 91, 0h
42638, 11063, 90, 0h
13, 3, 5
41563, 12639, 92, 0h
41561, 13711, 93, 0h
42641, 12642, 92, 0h
42639, 13713, 89, 0h
13, 4, 5
41562, 15290, 89, 0h
41563, 16366, 89, 0h
42640, 15289, 91, 0h
42641, 16365, 87, 0h
13, 5, 5
41564, 17939, 91, 0h
41563, 19017, 92, 0h
42646, 17939, 91, 0h
42642, 19018, 88, 0h
13, 6, 5
41564, 20593, 91, 0h
41563, 21668, 85, 0h
42645, 20593, 93, 0h
42640, 21669, 89, 0h
13, 7, 5
41564, 23245, 87, 0h
41567, 24324, 89, 0h
42647, 23250, 92, 0h
42644, 24325, 91, 0h
13, 8, 5
41566, 25896, 92, 0h
41572, 26972, 87, 0h
42644, 25900, 92, 0h
42650, 26973, 88, 0h
13, 9, 5
41569, 28550, 88, 0h
41575, 29628, 92, 0h
42650, 28551, 93, 0h
42646, 29628, 91, 0h
13, 10, 5
41568, 31205, 92, 0h
41569, 32282, 91, 0h
42649, 31203, 95, 0h
42646, 32280, 92, 0h
13, 11, 5
41569, 33857, 88, 0h
41568, 34933, 92, 0h
42644, 33858, 91, 0h
42644, 34935, 89, 0h
13, 12, 5
41573, 36515, 91, 0h
41572, 37592, 92, 0h
42651, 36513, 92, 0h
42646, 37587, 90, 0h
13, 13, 5
41574, 39166, 92, 0h
41568, 40237, 92, 0h
42648, 39172, 91, 0h
42647, 40244, 93, 0h
13, 14, 5
41571, 41819, 93, 0h
41571, 42893, 91, 0h
42646, 41818, 92, 0h
42648, 42890, 91, 0h
13, 15, 23
41576, 44472, 90, 0h
41574, 45550, 91, 0h
42652, 44474, 94, 0h
42650, 45550, 91, 0h
13, 16, 5
41572, 47129, 92, 0h
41569, 48203, 91, 0h
42652, 47126, 96, 0h
42651, 48207, 92, 0h
13, 17, 5
41570, 49780, 90, 0h
41570, 50855, 93, 0h
42648, 49779, 94, 0h
42649, 50853, 95, 0h
13, 18, 5
41573, 52431, 91, 0h
41570, 53507, 88, 0h
42652, 52430, 93, 0h
42654, 53509, 93, 0h
13, 19, 5
41572, 55087, 90, 0h
41576, 56163, 91, 0h
42651, 55086, 93, 0h
42649, 56161, 95, 0h
13, 20, 5
41568, 57739, 90, 0h
41565, 58816, 93, 0h
42650, 57738, 92, 0h
42647, 58813, 91, 0h
13, 21, 5
41567, 60395, 93, 0h
41565, 61470, 91, 0h
42647, 60390, 92, 0h
42647, 61467, 91, 0h
13, 22, 5
41570, 63041, 90, 0h
41567, 64117, 91, 0h
42650, 63038, 95, 0h
42650, 64116, 92, 0h
13, 23, 5
41566, 65694, 93, 0h
41568, 66773, 91, 0h
42643, 65694, 92, 0h
42647, 66773, 90, 0h
13, 24, 5
41565, 68345, 91, 0h
41566, 69421, 89, 0h
42642, 68345, 95, 0h
42644, 69421, 91, 0h
13, 25, 5
41572, 70992, 90, 0h
41566, 72072, 92, 0h
42648, 70993, 92, 0h
42648, 72070, 91, 0h
13, 26, 5
41572, 73646, 92, 0h
41566, 74721, 89, 0h
42646, 73645, 95, 0h
42648, 74722, 92, 0h
13, 27, 5
41569, 76291, 94, 0h
41569, 77366, 90, 0h
42646, 76295, 93, 0h
42649, 77369, 88, 0h
13, 28, 5
41568, 78946, 90, 0h
41571, 80015, 89, 0h
42646, 78942, 91, 0h
42650, 80016, 90, 0h
13, 29, 5
41568, 81595, 91, 0h
41567, 82669, 94, 0h
42647, 81594, 92, 0h
42645, 82668, 91, 0h
13, 30, 5
41566, 84243, 91, 0h
41569, 85322, 91, 0h
42650, 84240, 90, 0h
42647, 85318, 91, 0h
13, 31, 5
41567, 86890, 93, 0h
41567, 87966, 92, 0h
42648, 86894, 91, 0h
42648, 87969, 92, 0h
14, 0, 5
45089, 4687, 90, 0h
45086, 5769, 89, 0h
46161, 4690, 91, 0h
46158, 5768, 90, 0h
14, 1, 5
45081, 7340, 86, 0h
45078, 8419, 88, 0h
46162, 7341, 91, 0h
46157, 8417, 92, 0h
14, 2, 5
45081, 9992, 89, 0h
45079, 11067, 89, 0h
46159, 9992, 92, 0h
46159, 11067, 91, 0h
14, 3, 5
45081, 12641, 90, 0h
45085, 13720, 90, 0h
46157, 12644, 90, 0h
46162, 13723, 91, 0h
14, 4, 5
45084, 15291, 90, 0h
45085, 16369, 90, 0h
46161, 15295, 89, 0h
46164, 16372, 88, 0h
14, 5, 5
45085, 17942, 86, 0h
45082, 19019, 91, 0h
46161, 17946, 89, 0h
46162, 19021, 88, 0h
14, 6, 5
45085, 20600, 90, 0h
45083, 21675, 92, 0h
46166, 20599, 93, 0h
46163, 21672, 88, 0h
14, 7, 5
45086, 23253, 89, 0h
45088, 24326, 92, 0h
46164, 23255, 92, 0h
46161, 24328, 90, 0h
14, 8, 5
45082, 25901, 92, 0h
45087, 26979, 90, 0h
46166, 25901, 92, 0h
46165, 26980, 91, 0h
14, 9, 5
45088, 28555, 90, 0h
45088, 29631, 90, 0h
46167, 28555, 92, 0h
46167, 29634, 91, 0h
14, 10, 5
45083, 31207, 94, 0h
45084, 32286, 89, 0h
46166, 31207, 92, 0h
46161, 32286, 90, 0h
14, 11, 5
45086, 33864, 91, 0h
45083, 34938, 91, 0h
46164, 33861, 90, 0h
46162, 34938, 88, 0h
14, 12, 5
45091, 36517, 93, 0h
45093, 37593, 93, 0h
46168, 36518, 92, 0h
46171, 37592, 89, 0h
14, 13, 5
45095, 39170, 91, 0h
45089, 40248, 93, 0h
46171, 39170, 90, 0h
46164, 40247, 94, 0h
14, 14, 5
45089, 41822, 91, 0h
45089, 42897, 90, 0h
46167, 41821, 89, 0h
46163, 42896, 92, 0h
14, 15, 5
45090, 44477, 96, 0h
45092, 45554, 92, 0h
46169, 44477, 91, 0h
46169, 45556, 90, 0h
14, 16, 5
45093, 47129, 93, 0h
45092, 48208, 91, 0h
46173, 47131, 91, 0h
46170, 48205, 87, 0h
14, 17, 5
45087, 49781, 92, 0h
45092, 50856, 93, 0h
46168, 49782, 91, 0h
46169, 50858, 92, 0h
14, 18, 5
45087, 52439, 92, 0h
45089, 53509, 90, 0h
46168, 52434, 92, 0h
46170, 53511, 90, 0h
14, 19, 5
45090, 55088, 90, 0h
45089, 56166, 91, 0h
46170, 55089, 94, 0h
46171, 56164, 90, 0h
14, 20, 5
45089, 57736, 91, 0h
45088, 58813, 91, 0h
46166, 57738, 91, 0h
46166, 58816, 92, 0h
14, 21, 23
45087, 60391, 92, 0h
45085, 61469, 92, 0h
46168, 60393, 91, 0h
46162, 61465, 90, 0h
14, 22, 5
45085, 63046, 90, 0h
45087, 64120, 92, 0h
46168, 63044, 92, 0h
46163, 64123, 92, 0h
14, 23, 5
45087, 65697, 90, 0h
45085, 66766, 93, 0h
46163, 65697, 92, 0h
46163, 66769, 92, 0h
14, 24, 5
45085, 68349, 93, 0h
45082, 69422, 98, 0h
46161, 68345, 91, 0h
46158, 69421, 90, 0h
14, 25, 5
45089, 70999, 91, 0h
45086, 72077, 91, 0h
46166, 71000, 92, 0h
46161, 72074, 90, 0h
14, 26, 5
45082, 73650, 91, 0h
45083, 74723, 94, 0h
46162, 73647, 92, 0h
46161, 74724, 88, 0h
14, 27, 5
45084, 76297, 91, 0h
45088, 77371, 92, 0h
46166, 76297, 94, 0h
46165, 77373, 88, 0h
14, 28, 5
45086, 78946, 91, 0h
45085, 80023, 93, 0h
46162, 78948, 91, 0h
46161, 80021, 90, 0h
14, 29, 5
45085, 81597, 91, 0h
45083, 82669, 91, 0h
46161, 81599, 92, 0h
46159, 82669, 92, 0h
14, 30, 5
45080, 84244, 92, 0h
45085, 85322, 91, 0h
46159, 84248, 95, 0h
46163, 85319, 93, 0h
14, 31, 5
45085, 86898, 91, 0h
45087, 87973, 88, 0h
46161, 86896, 93, 0h
46162, 87971, 92, 0h
15, 0, 5
48594, 4685, 91, 0h
48589, 5762, 89, 0h
49669, 4684, 93, 0h
49667, 5761, 91, 0h
15, 1, 5
48594, 7337, 87, 0h
48590, 8410, 91, 0h
49671, 7335, 92, 0h
49666, 8412, 90, 0h
15, 2, 23
48585, 9987, 91, 0h
48585, 11064, 89, 0h
49662, 9988, 90, 0h
49661, 11064, 90, 0h
15, 3, 5
48588, 12635, 89, 0h
48593, 13717, 88, 0h
49663, 12638, 92, 0h
49668, 13719, 89, 0h
15, 4, 5
48593, 15291, 90, 0h
48588, 16367, 87, 0h
49665, 15295, 91, 0h
49667, 16368, 89, 0h
15, 5, 5
48593, 17941, 89, 0h
48590, 19020, 91, 0h
49666, 17943, 89, 0h
49666, 19019, 91, 0h
15, 6, 5
48588, 20594, 90, 0h
48586, 21668, 87, 0h
49670, 20594, 93, 0h
49667, 21670, 88, 0h
15, 7, 5
48592, 23251, 93, 0h
48591, 24325, 91, 0h
49668, 23251, 93, 0h
49664, 24327, 91, 0h
15, 8, 5
48591, 25897, 88, 0h
48594, 26980, 92, 0h
49668, 25901, 91, 0h
49673, 26979, 89, 0h
15, 9, 5
48594, 28554, 89, 0h
48593, 29628, 91, 0h
49668, 28552, 91, 0h
49669, 29631, 91, 0h
15, 10, 5
48592, 31205, 91, 0h
48589, 32281, 92, 0h
49671, 31202, 94, 0h
49665, 32282, 92, 0h
15, 11, 5
48591, 33860, 91, 0h
48590, 34938, 88, 0h
49667, 33861, 94, 0h
49664, 34937, 94, 0h
15, 12, 5
48600, 36509, 87, 0h
48601, 37587, 91, 0h
49670, 36514, 91, 0h
49674, 37590, 91, 0h
15, 13, 5
48601, 39163, 91, 0h
48589, 40241, 89, 0h
49674, 39164, 92, 0h
49666, 40243, 92, 0h
15, 14, 5
48594, 41817, 91, 0h
48594, 42895, 87, 0h
49671, 41815, 93, 0h
49666, 42890, 93, 0h
15, 15, 5
48599, 44476, 91, 0h
48595, 45553, 90, 0h
49674, 44477, 93, 0h
49676, 45552, 91, 0h
15, 16, 5
48598, 47127, 91, 0h
48597, 48203, 92, 0h
49674, 47129, 91, 0h
49672, 48203, 93, 0h
15, 17, 5
48595, 49780, 89, 0h
48596, 50856, 91, 0h
49674, 49777, 92, 0h
49673, 50855, 95, 0h
15, 18, 5
48593, 52426, 89, 0h
48594, 53507, 91, 0h
49672, 52427, 93, 0h
49677, 53506, 94, 0h
15, 19, 5
48596, 55084, 90, 0h
48596, 56162, 91, 0h
49675, 55085, 95, 0h
49674, 56161, 96, 0h
15, 20, 5
48597, 57736, 92, 0h
48593, 58809, 94, 0h
49673, 57734, 92, 0h
49670, 58811, 90, 0h
15, 21, 5
48593, 60388, 90, 0h
48593, 61465, 90, 0h
49669, 60389, 91, 0h
49668, 61464, 92, 0h
15, 22, 5
48594, 63040, 93, 0h
48597, 64113, 92, 0h
49675, 63040, 94, 0h
49670, 64115, 89, 0h
15, 23, 5
48595, 65694, 91, 0h
48589, 66768, 90, 0h
49669, 65691, 92, 0h
49663, 66766, 93, 0h
15, 24, 5
48588, 68345, 91, 0h
48586, 69419, 89, 0h
49664, 68341, 92, 0h
49662, 69419, 89, 0h
15, 25, 5
48591, 70994, 91, 0h
48590, 72070, 92, 0h
49668, 70995, 92, 0h
49667, 72070, 90, 0h
15, 26, 5
48591, 73647, 91, 0h
48588, 74720, 88, 0h
49673, 73642, 92, 0h
49669, 74719, 89, 0h
15, 27, 5
48590, 76291, 89, 0h
48592, 77366, 91, 0h
49670, 76290, 96, 0h
49668, 77367, 91, 0h
15, 28, 5
48592, 78939, 91, 0h
48584, 80018, 91, 0h
49664, 78939, 92, 0h
49661, 80016, 95, 0h
15, 29, 5
48591, 81590, 92, 0h
48587, 82663, 91, 0h
49668, 81594, 91, 0h
49665, 82662, 89, 0h
15, 30, 5
48589, 84240, 92, 0h
48593, 85319, 90, 0h
49669, 84241, 92, 0h
49667, 85319, 91, 0h
15, 31, 5
48590, 86894, 91, 0h
48593, 87970, 91, 0h
49666, 86894, 94, 0h
49664, 87968, 90, 0h
16, 0, 5
52113, 4687, 90, 0h
52110, 5767, 90, 0h
53189, 4690, 93, 0h
53187, 5771, 88, 0h
16, 1, 5
52111, 7344, 90, 0h
52105, 8419, 88, 0h
53188, 7341, 91, 0h
53186, 8418, 89, 0h
16, 2, 5
52106, 9993, 90, 0h
52106, 11069, 91, 0h
53186, 9992, 90, 0h
53185, 11065, 90, 0h
16, 3, 5
52106, 12644, 87, 0h
52106, 13720, 94, 0h
53187, 12641, 91, 0h
53188, 13721, 92, 0h
16, 4, 5
52106, 15296, 87, 0h
52109, 16374, 90, 0h
53188, 15296, 90, 0h
53187, 16371, 90, 0h
16, 5, 5
52104, 17945, 88, 0h
52106, 19024, 90, 0h
53185, 17948, 87, 0h
53185, 19025, 88, 0h
16, 6, 5
52109, 20597, 93, 0h
52104, 21674, 89, 0h
53188, 20600, 91, 0h
53186, 21671, 90, 0h
16, 7, 2
52109, 23251, 88, 0h
52104, 24325, 88, 0h
53188, 23251, 59, 168h
53186, 24327, 89, 0h
16, 8, 5
52106, 25904, 91, 0h
52107, 26976, 92, 0h
53186, 25905, 95, 0h
53189, 26977, 97, 0h
16, 9, 5
52107, 28554, 90, 0h
52112, 29628, 91, 0h
53187, 28553, 91, 0h
53186, 29629, 90, 0h
16, 10, 5
52109, 31206, 91, 0h
52108, 32283, 90, 0h
53186, 31207, 91, 0h
53188, 32283, 90, 0h
16, 11, 5
52111, 33862, 91, 0h
52110, 34938, 92, 0h
53193, 33863, 92, 0h
53189, 34935, 92, 0h
16, 12, 5
52115, 36515, 91, 0h
52118, 37593, 92, 0h
53193, 36516, 91, 0h
53191, 37594, 88, 0h
16, 13, 5
52115, 39169, 89, 0h
52112, 40243, 92, 0h
53191, 39169, 89, 0h
53190, 40244, 93, 0h
16, 14, 5
52109, 41820, 90, 0h
52111, 42897, 93, 0h
53188, 41822, 91, 0h
53188, 42897, 90, 0h
16, 15, 5
52114, 44475, 89, 0h
52117, 45555, 90, 0h
53192, 44477, 91, 0h
53194, 45554, 91, 0h
16, 16, 23
52117, 47134, 91, 0h
52110, 48210, 90, 0h
53194, 47133, 93, 0h
53193, 48207, 92, 0h
16, 17, 5
52112, 49781, 88, 0h
52116, 50855, 92, 0h
53188, 49785, 92, 0h
53190, 50860, 91, 0h
16, 18, 5
52109, 52431, 92, 0h
52113, 53511, 92, 0h
53190, 52431, 92, 0h
53195, 53512, 98, 0h
16, 19, 5
52116, 55086, 93, 0h
52117, 56166, 91, 0h
53192, 55089, 91, 0h
53191, 56163, 94, 0h
16, 20, 5
52112, 57737, 92, 0h
52111, 58817, 92, 0h
53189, 57738, 92, 0h
53188, 58813, 92, 0h
16, 21, 5
52111, 60391, 92, 0h
52110, 61467, 91, 0h
53186, 60391, 91, 0h
53184, 61467, 92, 0h
16, 22, 5
52112, 63047, 95, 0h
52111, 64121, 92, 0h
53191, 63043, 94, 0h
53187, 64117, 91, 0h
16, 23, 5
52110, 65696, 93, 0h
52105, 66773, 91, 0h
53189, 65696, 95, 0h
53184, 66772, 93, 0h
16, 24, 5
52109, 68345, 92, 0h
52107, 69424, 92, 0h
53178, 68344, 91, 0h
53178, 69418, 91, 0h
16, 25, 5
52111, 70993, 94, 0h
52107, 72073, 92, 0h
53188, 70995, 92, 0h
53185, 72074, 92, 0h
16, 26, 5
52107, 73646, 91, 0h
52106, 74723, 88, 0h
53185, 73646, 92, 0h
53184, 74724, 98, 0h
16, 27, 5
52109, 76297, 92, 0h
52104, 77371, 98, 0h
53182, 76294, 92, 0h
53181, 77368, 91, 0h
16, 28, 2
52109, 78939, 90, 0h
52104, 80018, 90, 0h
53182, 78939, 62, 168h
53181, 80016, 90, 0h
16, 29, 5
52102, 81596, 90, 0h
52105, 82668, 92, 0h
53181, 81594, 89, 0h
53181, 82671, 92, 0h
16, 30, 5
52101, 84244, 94, 0h
52103, 85320, 92, 0h
53183, 84245, 91, 0h
53183, 85318, 91, 0h
16, 31, 5
52105, 86894, 88, 0h
52101, 87968, 92, 0h
53180, 86896, 92, 0h
53181, 87970, 93, 0h
17, 0, 23
55619, 4684, 91, 0h
55614, 5760, 91, 0h
56694, 4684, 89, 0h
56691, 5763, 89, 0h
17, 1, 5
55617, 7337, 90, 0h
55611, 8414, 91, 0h
56692, 7340, 90, 0h
56689, 8417, 90, 0h
17, 2, 5
55613, 9989, 88, 0h
55610, 11065, 89, 0h
56690, 9988, 91, 0h
56686, 11062, 91, 0h
17, 3, 5
55610, 12642, 90, 0h
55615, 13717, 92, 0h
56685, 12644, 89, 0h
56692, 13716, 89, 0h
17, 4, 5
55611, 15293, 91, 0h
55611, 16368, 84, 0h
56688, 15294, 93, 0h
56687, 16369, 88, 0h
17, 5, 5
55610, 17941, 91, 0h
55610, 19018, 90, 0h
56688, 17943, 91, 0h
56685, 19019, 90, 0h
17, 6, 5
55611, 20595, 92, 0h
55610, 21669, 86, 0h
56688, 20598, 93, 0h
56685, 21669, 91, 0h
17, 7, 5
55612, 23248, 92, 0h
55612, 24325, 92, 0h
56689, 23250, 91, 0h
56685, 24325, 90, 0h
17, 8, 5
55612, 25897, 89, 0h
55611, 26971, 88, 0h
56690, 25898, 92, 0h
56691, 26973, 90, 0h
17, 9, 2
55612, 28554, 89, 0h
55611, 29628, 91, 0h
56690, 28553, 65, 168h
56691, 29629, 90, 0h
17, 10, 2
55621, 31206, 90, 0h
55620, 32283, 85, 0h
56700, 31207, 63, 168h
56699, 32283, 88, 0h
17, 11, 5
55613, 33856, 88, 0h
55612, 34935, 90, 0h
56690, 33860, 91, 0h
56686, 34934, 94, 0h
17, 12, 5
55617, 36511, 91, 0h
55621, 37589, 90, 0h
56696, 36512, 91, 0h
56694, 37587, 88, 0h
17, 13, 5
55618, 39164, 91, 0h
55615, 40237, 89, 0h
56696, 39165, 92, 0h
56690, 40240, 90, 0h
17, 14, 5
55614, 41815, 90, 0h
55614, 42892, 90, 0h
56693, 41819, 92, 0h
56692, 42892, 92, 0h
17, 15, 5
55620, 44471, 90, 0h
55619, 45551, 91, 0h
56697, 44472, 90, 0h
56696, 45552, 89, 0h
17, 16, 5
55621, 47128, 93, 0h
55618, 48205, 89, 0h
56695, 47130, 92, 0h
56691, 48204, 94, 0h
17, 17, 2
55621, 49781, 89, 0h
55618, 50855, 89, 0h
56695, 49785, 62, 168h
56691, 50860, 90, 0h
17, 18, 5
55617, 52427, 91, 0h
55619, 53506, 91, 0h
56696, 52434, 93, 0h
56698, 53506, 90, 0h
17, 19, 5
55621, 55084, 91, 0h
55618, 56159, 94, 0h
56695, 55084, 96, 0h
56692, 56158, 90, 0h
17, 20, 5
55620, 57733, 92, 0h
55615, 58811, 91, 0h
56692, 57732, 90, 0h
56689, 58808, 93, 0h
17, 21, 5
55620, 60379, 92, 0h
55617, 61461, 91, 0h
56691, 60385, 94, 0h
56690, 61462, 92, 0h
17, 22, 23
55613, 63039, 90, 0h
55615, 64113, 92, 0h
56691, 63040, 93, 0h
56689, 64113, 93, 0h
17, 23, 5
55612, 65691, 91, 0h
55611, 66760, 91, 0h
56688, 65686, 94, 0h
56689, 66768, 92, 0h
17, 24, 5
55613, 68336, 93, 0h
55611, 69411, 92, 0h
56688, 68339, 94, 0h
56686, 69414, 90, 0h
17, 25, 5
55608, 70985, 92, 0h
55610, 72063, 91, 0h
56689, 70990, 95, 0h
56685, 72066, 89, 0h
17, 26, 5
55612, 73641, 92, 0h
55607, 74719, 92, 0h
56686, 73642, 91, 0h
56687, 74714, 98, 0h
17, 27, 2
55612, 76297, 91, 0h
55607, 77371, 91, 0h
56686, 76294, 64, 168h
56687, 77368, 93, 0h
17, 28, 5
55613, 78939, 91, 0h
55606, 80019, 91, 0h
56690, 78938, 93, 0h
56686, 80022, 93, 0h
17, 29, 5
55609, 81591, 92, 0h
55608, 82664, 93, 0h
56684, 81595, 92, 0h
56687, 82666, 95, 0h
17, 30, 5
55610, 84242, 91, 0h
55608, 85319, 87, 0h
56689, 84239, 93, 0h
56691, 85316, 95, 0h
17, 31, 5
55608, 86893, 90, 0h
55606, 87965, 89, 0h
56684, 86894, 92, 0h
56684, 87966, 95, 0h
18, 0, 23
59132, 4690, 94, 0h
59136, 5769, 88, 0h
60212, 4694, 92, 0h
60211, 5769, 90, 0h
18, 1, 5
59133, 7342, 88, 0h
59131, 8415, 91, 0h
60209, 7343, 92, 0h
60209, 8417, 92, 0h
18, 2, 5
59127, 9995, 93, 0h
59130, 11073, 91, 0h
60209, 9995, 92, 0h
60209, 11069, 90, 0h
18, 3, 5
59128, 12645, 86, 0h
59130, 13724, 85, 0h
60209, 12645, 89, 0h
60211, 13723, 89, 0h
18, 4, 5
59131, 15298, 91, 0h
59133, 16376, 89, 0h
60208, 15301, 92, 0h
60208, 16375, 95, 0h
18, 5, 5
59127, 17949, 89, 0h
59128, 19025, 91, 0h
60206, 17949, 90, 0h
60208, 19025, 91, 0h
18, 6, 5
59131, 20599, 91, 0h
59128, 21676, 89, 0h
60205, 20602, 92, 0h
60209, 21677, 92, 0h
18, 7, 5
59129, 23253, 92, 0h
59131, 24330, 95, 0h
60208, 23254, 90, 0h
60208, 24329, 91, 0h
18, 8, 5
59131, 25904, 92, 0h
59130, 26979, 92, 0h
60210, 25903, 92, 0h
60208, 26978, 90, 0h
18, 9, 5
59133, 28555, 90, 0h
59131, 29631, 91, 0h
60213, 28555, 92, 0h
60210, 29630, 95, 0h
18, 10, 2
59133, 31206, 89, 0h
59132, 32283, 88, 0h
60214, 31207, 60, 168h
60210, 32283, 86, 0h
18, 11, 23
59126, 33861, 88, 0h
59129, 34940, 95, 0h
60206, 33861, 88, 0h
60203, 34940, 90, 0h
18, 12, 5
59132, 36516, 90, 0h
59133, 37593, 91, 0h
60212, 36517, 94, 0h
60212, 37590, 93, 0h
18, 13, 5
59134, 39168, 87, 0h
59127, 40246, 90, 0h
60209, 39165, 91, 0h
60206, 40245, 90, 0h
18, 14, 5
59129, 41820, 93, 0h
59128, 42896, 91, 0h
60206, 41823, 91, 0h
60205, 42896, 91, 0h
18, 15, 5
59135, 44476, 89, 0h
59133, 45556, 92, 0h
60213, 44477, 91, 0h
60215, 45556, 99, 0h
18, 16, 5
59135, 47130, 90, 0h
59135, 48208, 95, 0h
60217, 47130, 92, 0h
60213, 48207, 89, 0h
18, 17, 5
59132, 49778, 91, 0h
59132, 50857, 90, 0h
60209, 49779, 93, 0h
60210, 50857, 93, 0h
18, 18, 5
59131, 52426, 91, 0h
59132, 53504, 92, 0h
60210, 52429, 92, 0h
60209, 53511, 90, 0h
18, 19, 5
59132, 55085, 92, 0h
59133, 56164, 93, 0h
60212, 55084, 91, 0h
60209, 56160, 92, 0h
18, 20, 5
59131, 57734, 93, 0h
59129, 58815, 92, 0h
60209, 57736, 92, 0h
60209, 58816, 92, 0h
18, 21, 23
59129, 60387, 91, 0h
59127, 61469, 90, 0h
60207, 60390, 91, 0h
60206, 61466, 91, 0h
18, 22, 5
59132, 63034, 94, 0h
59130, 64113, 91, 0h
60203, 63043, 92, 0h
60202, 64119, 92, 0h
18, 23, 5
59127, 65693, 94, 0h
59125, 66761, 91, 0h
60201, 65695, 92, 0h
60199, 66761, 93, 0h
18, 24, 5
59126, 68346, 91, 0h
59126, 69418, 91, 0h
60204, 68344, 95, 0h
60200, 69417, 91, 0h
18, 25, 5
59128, 70993, 92, 0h
59124, 72072, 92, 0h
60206, 70995, 92, 0h
60201, 72069, 91, 0h
18, 26, 5
59122, 73646, 93, 0h
59123, 74719, 91, 0h
60200, 73646, 92, 0h
60201, 74721, 90, 0h
18, 27, 5
59126, 76293, 93, 0h
59127, 77368, 93, 0h
60202, 76296, 93, 0h
60203, 77367, 98, 0h
18, 28, 2
59126, 78939, 59, 168h
59127, 80019, 0, 64h
60202, 78938, 0, 64h
60203, 80022, 0, 64h
18, 29, 5
59122, 81597, 91, 0h
59120, 82669, 94, 0h
60203, 81596, 94, 0h
60201, 82670, 91, 0h
18, 30, 5
59121, 84244, 91, 0h
59120, 85316, 92, 0h
60200, 84245, 93, 0h
60199, 85318, 91, 0h
18, 31, 5
59119, 86895, 88, 0h
59119, 87970, 90, 0h
60201, 86895, 92, 0h
60199, 87971, 92, 0h
19, 0, 5
62636, 4687, 91, 0h
62636, 5764, 91, 0h
63715, 4686, 92, 0h
63712, 5763, 93, 0h
19, 1, 23
62636, 7339, 93, 0h
62639, 8413, 91, 0h
63711, 7343, 91, 0h
63712, 8418, 91, 0h
19, 2, 5
62630, 9993, 93, 0h
62631, 11068, 88, 0h
63709, 9992, 92, 0h
63709, 11065, 91, 0h
19, 3, 5
62631, 12643, 90, 0h
62636, 13718, 92, 0h
63709, 12645, 93, 0h
63713, 13715, 92, 0h
19, 4, 23
62635, 15293, 91, 0h
62634, 16372, 89, 0h
63712, 15296, 95, 0h
63708, 16373, 91, 0h
19, 5, 5
62634, 17946, 90, 0h
62633, 19021, 89, 0h
63708, 17945, 93, 0h
63706, 19020, 90, 0h
19, 6, 2
62634, 20599, 92, 0h
62633, 21676, 90, 0h
63708, 20602, 64, 168h
63706, 21677, 89, 0h
19, 7, 5
62631, 23249, 90, 0h
62630, 24326, 92, 0h
63709, 23254, 97, 0h
63708, 24325, 91, 0h
19, 8, 5
62632, 25900, 93, 0h
62633, 26974, 89, 0h
63709, 25903, 95, 0h
63711, 26975, 93, 0h
19, 9, 5
62634, 28551, 92, 0h
62633, 29625, 89, 0h
63709, 28553, 91, 0h
63706, 29628, 92, 0h
19, 10, 5
62630, 31205, 91, 0h
62628, 32282, 92, 0h
63707, 31205, 89, 0h
63704, 32280, 94, 0h
19, 11, 5
62629, 33856, 92, 0h
62630, 34935, 91, 0h
63706, 33859, 95, 0h
63703, 34936, 91, 0h
19, 12, 5
62636, 36514, 91, 0h
62636, 37589, 91, 0h
63715, 36512, 91, 0h
63712, 37585, 91, 0h
19, 13, 5
62639, 39165, 91, 0h
62629, 40239, 88, 0h
63711, 39163, 90, 0h
63708, 40242, 92, 0h
19, 14, 5
62634, 41814, 94, 0h
62632, 42892, 91, 0h
63711, 41816, 93, 0h
63707, 42889, 92, 0h
19, 15, 5
62638, 44472, 94, 0h
62636, 45550, 91, 0h
63718, 44473, 95, 0h
63711, 45550, 91, 0h
19, 16, 5
62637, 47126, 90, 0h
62637, 48202, 89, 0h
63714, 47127, 91, 0h
63712, 48204, 90, 0h
19, 17, 5
62633, 49777, 89, 0h
62633, 50853, 90, 0h
63709, 49774, 93, 0h
63708, 50851, 91, 0h
19, 18, 5
62632, 52423, 91, 0h
62635, 53502, 88, 0h
63713, 52428, 93, 0h
63710, 53507, 94, 0h
19, 19, 5
62637, 55084, 93, 0h
62632, 56157, 92, 0h
63712, 55081, 96, 0h
63708, 56158, 94, 0h
19, 20, 5
62634, 57735, 93, 0h
62631, 58813, 89, 0h
63712, 57729, 94, 0h
63707, 58808, 91, 0h
19, 21, 5
62630, 60384, 96, 0h
62631, 61464, 92, 0h
63709, 60386, 96, 0h
63710, 61464, 92, 0h
19, 22, 5
62635, 63036, 91, 0h
62633, 64114, 90, 0h
63708, 63037, 91, 0h
63706, 64113, 92, 0h
19, 23, 2
62635, 65693, 92, 0h
62633, 66761, 92, 0h
63708, 65695, 91, 0h
63706, 66761, 0, 64h
19, 24, 5
62630, 68342, 89, 0h
62631, 69413, 89, 0h
63708, 68339, 94, 0h
63707, 69412, 90, 0h
19, 25, 5
62631, 70989, 93, 0h
62629, 72065, 91, 0h
63707, 70993, 89, 0h
63704, 72068, 92, 0h
19, 26, 5
62629, 73643, 92, 0h
62629, 74715, 90, 0h
63706, 73641, 91, 0h
63708, 74713, 91, 0h
19, 27, 5
62631, 76291, 92, 0h
62631, 77366, 92, 0h
63709, 76289, 95, 0h
63704, 77364, 92, 0h
19, 28, 5
62632, 78938, 92, 0h
62630, 80017, 90, 0h
63704, 78939, 93, 0h
63703, 80015, 90, 0h
19, 29, 5
62625, 81593, 92, 0h
62626, 82668, 92, 0h
63707, 81590, 92, 0h
63701, 82668, 92, 0h
19, 30, 5
62631, 84245, 92, 0h
62629, 85314, 89, 0h
63710, 84241, 93, 0h
63704, 85315, 88, 0h
19, 31, 5
62627, 86895, 93, 0h
62628, 87968, 89, 0h
63706, 86891, 93, 0h
63704, 87970, 89, 0h
20, 0, 5
66153, 4686, 92, 0h
66153, 5768, 90, 0h
67232, 4690, 93, 0h
67230, 5767, 90, 0h
20, 1, 2
66153, 7339, 87, 0h
66153, 8413, 88, 0h
67232, 7343, 62, 168h
67230, 8418, 89, 0h
20, 2, 5
66147, 9998, 90, 0h
66149, 11071, 87, 0h
67224, 9997, 88, 0h
67224, 11069, 91, 0h
20, 3, 23
66143, 12646, 90, 0h
66147, 13720, 91, 0h
67222, 12646, 88, 0h
67225, 13724, 88, 0h
20, 4, 5
66148, 15299, 93, 0h
66147, 16373, 89, 0h
67225, 15299, 92, 0h
67223, 16373, 89, 0h
20, 5, 5
66144, 17949, 92, 0h
66146, 19026, 88, 0h
67220, 17950, 92, 0h
67221, 19028, 89, 0h
20, 6, 5
66147, 20599, 92, 0h
66143, 21676, 90, 0h
67221, 20601, 91, 0h
67222, 21674, 90, 0h
20, 7, 5
66144, 23255, 92, 0h
66146, 24330, 93, 0h
67221, 23256, 91, 0h
67222, 24330, 90, 0h
20, 8, 5
66139, 25904, 90, 0h
66142, 26975, 86, 0h
67220, 25905, 89, 0h
67224, 26976, 89, 0h
20, 9, 5
66146, 28553, 89, 0h
66143, 29631, 88, 0h
67220, 28556, 91, 0h
67221, 29630, 91, 0h
20, 10, 5
66145, 31209, 90, 0h
66148, 32286, 91, 0h
67219, 31209, 92, 0h
67221, 32288, 91, 0h
20, 11, 5
66146, 33861, 94, 0h
66145, 34941, 90, 0h
67222, 33863, 91, 0h
67221, 34942, 90, 0h
20, 12, 5
66147, 36519, 89, 0h
66147, 37597, 88, 0h
67220, 36515, 90, 0h
67223, 37592, 90, 0h
20, 13, 5
66153, 39173, 92, 0h
66147, 40245, 90, 0h
67227, 39170, 92, 0h
67222, 40246, 90, 0h
20, 14, 5
66145, 41822, 93, 0h
66145, 42897, 89, 0h
67223, 41821, 93, 0h
67221, 42897, 91, 0h
20, 15, 5
66150, 44477, 88, 0h
66153, 45556, 92, 0h
67228, 44477, 90, 0h
67229, 45555, 92, 0h
20, 16, 5
66153, 47132, 94, 0h
66148, 48208, 92, 0h
67228, 47132, 91, 0h
67228, 48203, 97, 0h
20, 17, 5
66151, 49779, 91, 0h
66150, 50856, 89, 0h
67227, 49784, 91, 0h
67228, 50859, 91, 0h
20, 18, 5
66142, 52434, 94, 0h
66151, 53507, 92, 0h
67227, 52428, 89, 0h
67225, 53509, 89, 0h
20, 19, 5
66148, 55086, 92, 0h
66153, 56162, 89, 0h
67228, 55086, 90, 0h
67227, 56162, 91, 0h
20, 20, 5
66148, 57735, 90, 0h
66148, 58812, 92, 0h
67226, 57736, 91, 0h
67226, 58816, 90, 0h
20, 21, 2
66148, 60384, 87, 0h
66148, 61464, 92, 0h
67226, 60386, 63, 168h
67226, 61464, 89, 0h
20, 22, 2
66142, 63036, 59, 168h
66141, 64114, 0, 64h
67217, 63037, 0, 64h
67214, 64113, 0, 64h
20, 23, 2
66143, 65693, 59, 168h
66139, 66761, 0, 64h
67221, 65695, 0, 64h
67215, 66761, 0, 64h
20, 24, 5
66145, 68343, 92, 0h
66144, 69420, 91, 0h
67221, 68345, 91, 0h
67220, 69418, 90, 0h
20, 25, 23
66146, 70994, 92, 0h
66145, 72072, 94, 0h
67226, 70996, 87, 0h
67226, 72069, 91, 0h
20, 26, 5
66147, 73646, 91, 0h
66147, 74721, 90, 0h
67226, 73645, 91, 0h
67224, 74720, 89, 0h
20, 27, 5
66147, 76294, 93, 0h
66150, 77371, 92, 0h
67225, 76296, 95, 0h
67224, 77370, 94, 0h
20, 28, 5
66146, 78945, 92, 0h
66144, 80015, 92, 0h
67224, 78943, 92, 0h
67226, 80018, 88, 0h
20, 29, 5
66144, 81596, 91, 0h
66145, 82671, 93, 0h
67223, 81594, 91, 0h
67221, 82669, 91, 0h
20, 30, 23
66143, 84244, 91, 0h
66144, 85318, 87, 0h
67219, 84246, 93, 0h
67221, 85322, 92, 0h
20, 31, 23
66146, 86895, 93, 0h
66141, 87973, 90, 0h
67221, 86900, 90, 0h
67219, 87974, 91, 0h
21, 0, 5
69656, 4681, 89, 0h
69654, 5764, 97, 0h
70734, 4682, 91, 0h
70731, 5760, 91, 0h
21, 1, 5
69652, 7338, 88, 0h
69652, 8415, 92, 0h
70729, 7337, 92, 0h
70726, 8415, 92, 0h
21, 2, 5
69648, 9994, 92, 0h
69651, 11064, 89, 0h
70726, 9991, 93, 0h
70723, 11067, 91, 0h
21, 3, 5
69648, 12643, 89, 0h
69647, 13718, 90, 0h
70724, 12646, 91, 0h
70722, 13718, 89, 0h
21, 4, 5
69646, 15295, 90, 0h
69649, 16372, 89, 0h
70724, 15298, 91, 0h
70720, 16372, 91, 0h
21, 5, 5
69647, 17946, 89, 0h
69646, 19023, 94, 0h
70721, 17948, 88, 0h
70719, 19023, 92, 0h
21, 6, 5
69644, 20596, 90, 0h
69645, 21672, 91, 0h
70721, 20599, 94, 0h
70719, 21675, 92, 0h
21, 7, 23
69640, 23254, 88, 0h
69645, 24328, 92, 0h
70719, 23254, 96, 0h
70719, 24329, 86, 0h
21, 8, 5
69645, 25903, 91, 0h
69642, 26976, 89, 0h
70719, 25906, 92, 0h
70718, 26973, 89, 0h
21, 9, 23
69645, 28550, 91, 0h
69643, 29625, 95, 0h
70718, 28553, 94, 0h
70718, 29628, 94, 0h
21, 10, 5
69644, 31207, 90, 0h
69645, 32282, 89, 0h
70720, 31207, 91, 0h
70716, 32283, 88, 0h
21, 11, 5
69641, 33856, 88, 0h
69642, 34933, 90, 0h
70721, 33863, 90, 0h
70715, 34936, 92, 0h
21, 12, 5
69646, 36512, 91, 0h
69648, 37591, 87, 0h
70722, 36517, 91, 0h
70722, 37589, 91, 0h
21, 13, 5
69651, 39166, 88, 0h
69643, 40238, 90, 0h
70726, 39166, 96, 0h
70718, 40239, 91, 0h
21, 14, 5
69643, 41815, 90, 0h
69643, 42890, 86, 0h
70721, 41818, 90, 0h
70721, 42890, 88, 0h
21, 15, 23
69650, 44471, 90, 0h
69649, 45549, 88, 0h
70723, 44472, 93, 0h
70724, 45547, 93, 0h
21, 16, 2
69650, 47132, 92, 0h
69649, 48208, 92, 0h
70723, 47132, 66, 168h
70724, 48203, 91, 0h
21, 17, 5
69649, 49777, 89, 0h
69644, 50852, 92, 0h
70725, 49778, 92, 0h
70720, 50852, 91, 0h
21, 18, 5
69648, 52427, 91, 0h
69650, 53500, 88, 0h
70725, 52429, 92, 0h
70723, 53501, 95, 0h
21, 19, 5
69648, 55080, 92, 0h
69651, 56156, 94, 0h
70723, 55082, 94, 0h
70720, 56156, 92, 0h
21, 20, 5
69647, 57729, 93, 0h
69649, 58806, 93, 0h
70725, 57729, 92, 0h
70725, 58808, 91, 0h
21, 21, 5
69649, 60384, 88, 0h
69648, 61463, 91, 0h
70725, 60383, 94, 0h
70722, 61461, 91, 0h
21, 22, 5
69650, 63038, 92, 0h
69647, 64114, 88, 0h
70730, 63038, 94, 0h
70723, 64110, 91, 0h
21, 23, 5
69646, 65687, 91, 0h
69647, 66766, 90, 0h
70721, 65690, 95, 0h
70722, 66765, 93, 0h
21, 24, 5
69648, 68340, 92, 0h
69646, 69414, 88, 0h
70722, 68342, 95, 0h
70720, 69414, 90, 0h
21, 25, 23
69651, 70994, 91, 0h
69648, 72068, 92, 0h
70731, 70990, 93, 0h
70726, 72067, 93, 0h
21, 26, 5
69648, 73644, 91, 0h
69648, 74720, 95, 0h
70725, 73642, 92, 0h
70724, 74719, 91, 0h
21, 27, 5
69651, 76295, 90, 0h
69650, 77367, 91, 0h
70725, 76291, 92, 0h
70725, 77368, 91, 0h
21, 28, 5
69648, 78942, 94, 0h
69648, 80016, 93, 0h
70724, 78944, 92, 0h
70730, 80014, 92, 0h
21, 29, 5
69646, 81591, 92, 0h
69646, 82670, 94, 0h
70724, 81593, 92, 0h
70720, 82671, 89, 0h
21, 30, 23
69650, 84242, 91, 0h
69650, 85319, 90, 0h
70724, 84244, 92, 0h
70723, 85319, 89, 0h
21, 31, 23
69649, 86894, 91, 0h
69645, 87973, 92, 0h
70725, 86900, 96, 0h
70722, 87975, 91, 0h
22, 0, 5
73173, 4687, 89, 0h
73176, 5761, 91, 0h
74251, 4693, 92, 0h
74252, 5768, 91, 0h
22, 1, 23
73173, 7343, 89, 0h
73171, 8420, 89, 0h
74252, 7343, 91, 0h
74251, 8420, 91, 0h
22, 2, 5
73169, 9994, 91, 0h
73168, 11067, 90, 0h
74249, 9997, 94, 0h
74248, 11069, 89, 0h
22, 3, 5
73165, 12647, 90, 0h
73168, 13725, 91, 0h
74245, 12644, 87, 0h
74244, 13724, 92, 0h
22, 4, 5
73168, 15302, 91, 0h
73168, 16373, 90, 0h
74245, 15300, 92, 0h
74242, 16373, 89, 0h
22, 5, 5
73164, 17951, 96, 0h
73164, 19026, 92, 0h
74242, 17956, 91, 0h
74242, 19029, 96, 0h
22, 6, 23
73164, 20603, 90, 0h
73163, 21682, 89, 0h
74238, 20599, 92, 0h
74240, 21680, 90, 0h
22, 7, 5
73165, 23256, 90, 0h
73166, 24332, 89, 0h
74240, 23256, 93, 0h
74239, 24332, 89, 0h
22, 8, 5
73161, 25907, 91, 0h
73158, 26979, 91, 0h
74238, 25907, 90, 0h
74235, 26982, 93, 0h
22, 9, 5
73163, 28559, 91, 0h
73161, 29632, 92, 0h
74237, 28557, 91, 0h
74236, 29631, 91, 0h
22, 10, 5
73159, 31212, 92, 0h
73161, 32288, 91, 0h
74237, 31213, 93, 0h
74238, 32292, 92, 0h
22, 11, 23
73160, 33864, 92, 0h
73159, 34941, 94, 0h
74239, 33863, 93, 0h
74238, 34938, 92, 0h
22, 12, 5
73162, 36517, 92, 0h
73164, 37594, 92, 0h
74240, 36518, 93, 0h
74241, 37590, 88, 0h
22, 13, 5
73161, 39170, 89, 0h
73161, 40241, 95, 0h
74237, 39168, 89, 0h
74235, 40244, 91, 0h
22, 14, 5
73163, 41821, 89, 0h
73159, 42896, 93, 0h
74235, 41820, 92, 0h
74234, 42896, 92, 0h
22, 15, 5
73163, 44476, 91, 0h
73167, 45556, 95, 0h
74239, 44479, 89, 0h
74237, 45555, 91, 0h
22, 16, 5
73165, 47131, 90, 0h
73162, 48208, 89, 0h
74240, 47131, 91, 0h
74238, 48206, 89, 0h
22, 17, 23
73161, 49777, 93, 0h
73159, 50856, 92, 0h
74236, 49779, 92, 0h
74238, 50855, 96, 0h
22, 18, 5
73159, 52429, 89, 0h
73162, 53507, 92, 0h
74239, 52429, 93, 0h
74237, 53507, 93, 0h
22, 19, 5
73161, 55087, 92, 0h
73163, 56160, 96, 0h
74237, 55085, 94, 0h
74240, 56163, 94, 0h
22, 20, 5
73165, 57736, 91, 0h
73165, 58814, 93, 0h
74242, 57738, 95, 0h
74244, 58814, 91, 0h
22, 21, 5
73165, 60390, 95, 0h
73165, 61468, 95, 0h
74242, 60389, 92, 0h
74240, 61465, 92, 0h
22, 22, 5
73163, 63040, 92, 0h
73168, 64115, 94, 0h
74240, 63044, 92, 0h
74242, 64114, 90, 0h
22, 23, 5
73162, 65694, 94, 0h
73161, 66767, 92, 0h
74240, 65693, 92, 0h
74241, 66766, 94, 0h
22, 24, 5
73163, 68347, 93, 0h
73167, 69419, 96, 0h
74240, 68347, 94, 0h
74242, 69417, 91, 0h
22, 25, 5
73160, 70994, 91, 0h
73161, 72070, 92, 0h
74240, 70996, 91, 0h
74240, 72074, 90, 0h
22, 26, 5
73163, 73646, 91, 0h
73162, 74722, 93, 0h
74242, 73646, 93, 0h
74241, 74718, 91, 0h
22, 27, 5
73163, 76294, 92, 0h
73163, 77367, 94, 0h
74240, 76298, 91, 0h
74239, 77371, 91, 0h
22, 28, 23
73161, 78946, 95, 0h
73162, 80022, 92, 0h
74240, 78946, 95, 0h
74239, 80025, 92, 0h
22, 29, 23
73162, 81602, 92, 0h
73160, 82676, 91, 0h
74239, 81602, 94, 0h
74239, 82674, 90, 0h
22, 30, 23
73162, 84253, 91, 0h
73162, 85326, 92, 0h
74241, 84253, 92, 0h
74240, 85326, 93, 0h
22, 31, 23
73166, 86903, 92, 0h
73165, 87982, 92, 0h
74245, 86906, 91, 0h
74241, 87983, 93, 0h
23, 0, 23
76678, 4681, 89, 0h
76678, 5757, 90, 0h
77758, 4684, 94, 0h
77754, 5761, 89, 0h
23, 1, 23
76675, 7338, 88, 0h
76674, 8412, 92, 0h
77754, 7340, 92, 0h
77751, 8417, 92, 0h
23, 2, 5
76670, 9990, 89, 0h
76672, 11064, 89, 0h
77752, 9993, 94, 0h
77750, 11066, 92, 0h
23, 3, 5
76667, 12645, 88, 0h
76668, 13721, 90, 0h
77743, 12644, 92, 0h
77751, 13718, 90, 0h
23, 4, 5
76670, 15297, 89, 0h
76670, 16368, 87, 0h
77747, 15300, 90, 0h
77746, 16372, 94, 0h
23, 5, 5
76667, 17947, 90, 0h
76667, 19022, 90, 0h
77748, 17948, 91, 0h
77743, 19022, 93, 0h
23, 6, 5
76662, 20600, 92, 0h
76664, 21677, 88, 0h
77743, 20603, 92, 0h
77740, 21677, 91, 0h
23, 7, 5
76665, 23253, 88, 0h
76666, 24326, 91, 0h
77742, 23252, 87, 0h
77739, 24332, 91, 0h
23, 8, 5
76662, 25905, 93, 0h
76663, 26979, 87, 0h
77743, 25903, 91, 0h
77741, 26977, 92, 0h
23, 9, 5
76664, 28556, 89, 0h
76660, 29627, 94, 0h
77741, 28555, 92, 0h
77736, 29627, 92, 0h
23, 10, 5
76662, 31210, 88, 0h
76663, 32284, 91, 0h
77740, 31210, 95, 0h
77738, 32283, 93, 0h
23, 11, 5
76659, 33857, 91, 0h
76659, 34937, 91, 0h
77741, 33860, 93, 0h
77737, 34937, 91, 0h
23, 12, 5
76662, 36513, 88, 0h
76665, 37588, 87, 0h
77744, 36513, 94, 0h
77742, 37586, 91, 0h
23, 13, 5
76666, 39166, 91, 0h
76664, 40239, 92, 0h
77743, 39168, 92, 0h
77738, 40239, 90, 0h
23, 14, 5
76663, 41815, 89, 0h
76658, 42892, 87, 0h
77739, 41816, 91, 0h
77739, 42892, 89, 0h
23, 15, 23
76669, 44471, 89, 0h
76670, 45547, 91, 0h
77745, 44472, 93, 0h
77744, 45549, 91, 0h
23, 16, 23
76666, 47125, 92, 0h
76664, 48199, 91, 0h
77745, 47127, 94, 0h
77741, 48200, 97, 0h
23, 17, 23
76663, 49776, 89, 0h
76662, 50850, 89, 0h
77741, 49772, 93, 0h
77737, 50850, 92, 0h
23, 18, 5
76663, 52423, 89, 0h
76668, 53500, 92, 0h
77740, 52427, 92, 0h
77742, 53500, 89, 0h
23, 19, 5
76664, 55080, 92, 0h
76665, 56154, 92, 0h
77744, 55080, 98, 0h
77740, 56155, 95, 0h
23, 20, 5
76669, 57731, 93, 0h
76669, 58807, 88, 0h
77749, 57729, 94, 0h
77747, 58807, 95, 0h
23, 21, 5
76667, 60382, 91, 0h
76668, 61461, 92, 0h
77745, 60385, 95, 0h
77742, 61461, 92, 0h
23, 22, 5
76666, 63037, 92, 0h
76668, 64109, 88, 0h
77746, 63037, 94, 0h
77745, 64107, 91, 0h
23, 23, 5
76667, 65688, 97, 0h
76669, 66769, 91, 0h
77747, 65691, 93, 0h
77748, 66763, 92, 0h
23, 24, 5
76667, 68341, 92, 0h
76671, 69416, 94, 0h
77746, 68340, 93, 0h
77745, 69413, 90, 0h
23, 25, 2
76667, 70994, 91, 0h
76671, 72070, 90, 0h
77746, 70996, 66, 168h
77745, 72074, 90, 0h
23, 26, 5
76664, 73641, 91, 0h
76668, 74717, 94, 0h
77746, 73642, 92, 0h
77743, 74717, 94, 0h
23, 27, 5
76665, 76291, 90, 0h
76668, 77365, 92, 0h
77746, 76292, 93, 0h
77744, 77364, 95, 0h
23, 28, 5
76665, 78944, 93, 0h
76666, 80023, 89, 0h
77744, 78945, 93, 0h
77743, 80020, 92, 0h
23, 29, 23
76666, 81601, 91, 0h
76664, 82675, 90, 0h
77747, 81601, 93, 0h
77747, 82672, 92, 0h
23, 30, 23
76675, 84250, 92, 0h
76674, 85328, 90, 0h
77751, 84250, 91, 0h
77752, 85324, 92, 0h
23, 31, 2
76675, 86903, 91, 0h
76674, 87982, 91, 0h
77751, 86906, 65, 168h
77752, 87983, 90, 0h
