PTEL004108 - BISOptrix23Optrix23
24, 32
0, 0, 73693, 0, 2, 92750, 73768, 92708
4 - 91 - 91 - 187
0, 0, 2
-4094, 4689, 0, 64h
-4095, 5763, 0, 64h
-3014, 4688, 0, 64h
-3018, 5764, 0, 64h
0, 1, 2
-4094, 7345, 57, 168h
-4095, 8419, 0, 64h
-3014, 7348, 0, 64h
-3018, 8423, 0, 64h
0, 2, 5
-4094, 10002, 89, 0h
-4095, 11077, 87, 0h
-3014, 10001, 90, 0h
-3018, 11075, 87, 0h
0, 3, 5
-4095, 12651, 87, 0h
-4091, 13725, 90, 0h
-3017, 12653, 88, 0h
-3015, 13727, 91, 0h
0, 4, 5
-4089, 15303, 87, 0h
-4094, 16378, 86, 0h
-3008, 15307, 90, 0h
-3011, 16377, 88, 0h
0, 5, 5
-4090, 17954, 88, 0h
-4088, 19035, 93, 0h
-3012, 17959, 86, 0h
-3014, 19033, 87, 0h
0, 6, 5
-4089, 20610, 90, 0h
-4087, 21686, 90, 0h
-3011, 20613, 90, 0h
-3012, 21683, 90, 0h
0, 7, 5
-4083, 23265, 92, 0h
-4084, 24341, 92, 0h
-3008, 23268, 87, 0h
-3010, 24342, 92, 0h
0, 8, 5
-4083, 25921, 95, 0h
-4084, 26990, 97, 0h
-3006, 25922, 90, 0h
-3006, 26987, 91, 0h
0, 9, 23
-4079, 28570, 91, 0h
-4081, 29642, 88, 0h
-3004, 28572, 89, 0h
-3006, 29642, 89, 0h
0, 10, 5
-4083, 31228, 89, 0h
-4084, 32303, 89, 0h
-3004, 31227, 91, 0h
-3003, 32304, 88, 0h
0, 11, 5
-4082, 33885, 90, 0h
-4083, 34961, 87, 0h
-3004, 33882, 89, 0h
-3003, 34957, 89, 0h
0, 12, 5
-4077, 36535, 88, 0h
-4073, 37608, 88, 0h
-3003, 36535, 89, 0h
-3002, 37605, 88, 0h
0, 13, 5
-4073, 39188, 87, 0h
-4078, 40265, 90, 0h
-3004, 39188, 88, 0h
-3002, 40266, 86, 0h
0, 14, 5
-4075, 41844, 91, 0h
-4074, 42917, 91, 0h
-3002, 41845, 90, 0h
-2998, 42917, 87, 0h
0, 15, 5
-4077, 44496, 95, 0h
-4075, 45573, 87, 0h
-2992, 44502, 92, 0h
-2996, 45577, 91, 0h
0, 16, 5
-4072, 47151, 89, 0h
-4077, 48230, 88, 0h
-2996, 47158, 92, 0h
-2997, 48230, 89, 0h
0, 17, 5
-4070, 49804, 90, 0h
-4071, 50881, 93, 0h
-2995, 49807, 91, 0h
-2995, 50882, 91, 0h
0, 18, 5
-4072, 52459, 89, 0h
-4073, 53533, 88, 0h
-2990, 52461, 88, 0h
-2998, 53535, 88, 0h
0, 19, 5
-4070, 55114, 92, 0h
-4070, 56191, 90, 0h
-2992, 55114, 89, 0h
-2994, 56187, 88, 0h
0, 20, 5
-4070, 57770, 89, 0h
-4068, 58848, 92, 0h
-2990, 57774, 90, 0h
-2995, 58846, 89, 0h
0, 21, 5
-4069, 60424, 87, 0h
-4072, 61499, 90, 0h
-2995, 60428, 90, 0h
-2991, 61500, 88, 0h
0, 22, 5
-4072, 63073, 91, 0h
-4069, 64149, 93, 0h
-2994, 63074, 91, 0h
-2997, 64151, 92, 0h
0, 23, 5
-4071, 65727, 88, 0h
-4078, 66803, 91, 0h
-2994, 65729, 91, 0h
-3000, 66804, 90, 0h
0, 24, 5
-4072, 68377, 89, 0h
-4073, 69456, 89, 0h
-2997, 68381, 91, 0h
-2997, 69455, 90, 0h
0, 25, 5
-4075, 71028, 88, 0h
-4074, 72109, 88, 0h
-2997, 71037, 89, 0h
-2998, 72109, 90, 0h
0, 26, 5
-4077, 73685, 87, 0h
-4076, 74763, 88, 0h
-2997, 73687, 91, 0h
-3002, 74759, 88, 0h
0, 27, 5
-4074, 76337, 93, 0h
-4073, 77411, 86, 0h
-2997, 76337, 88, 0h
-2998, 77408, 88, 0h
0, 28, 5
-4074, 78989, 88, 0h
-4080, 80063, 88, 0h
-3001, 78988, 87, 0h
-3001, 80066, 86, 0h
0, 29, 23
-4080, 81642, 89, 0h
-4080, 82718, 91, 0h
-3002, 81645, 89, 0h
-3003, 82721, 86, 0h
0, 30, 23
-4088, 84293, 91, 0h
-4083, 85370, 88, 0h
-3008, 84295, 88, 0h
-3004, 85369, 91, 0h
0, 31, 23
-4085, 86951, 91, 0h
-4085, 88026, 89, 0h
-3008, 86949, 89, 0h
-3006, 88027, 90, 0h
1, 0, 23
-578, 4689, 88, 0h
-581, 5763, 87, 0h
503, 4688, 91, 0h
501, 5764, 87, 0h
1, 1, 23
-579, 7345, 87, 0h
-578, 8419, 90, 0h
500, 7348, 90, 0h
498, 8423, 89, 0h
1, 2, 5
-577, 9998, 88, 0h
-580, 11077, 92, 0h
494, 9995, 90, 0h
495, 11069, 86, 0h
1, 3, 23
-580, 12649, 90, 0h
-575, 13725, 90, 0h
497, 12653, 91, 0h
498, 13722, 91, 0h
1, 4, 5
-575, 15302, 89, 0h
-579, 16377, 90, 0h
497, 15306, 94, 0h
499, 16377, 91, 0h
1, 5, 5
-575, 17953, 91, 0h
-578, 19035, 87, 0h
500, 17954, 88, 0h
499, 19031, 93, 0h
1, 6, 5
-577, 20607, 87, 0h
-575, 21687, 90, 0h
497, 20613, 90, 0h
496, 21688, 91, 0h
1, 7, 5
-572, 23261, 91, 0h
-573, 24338, 90, 0h
494, 23265, 92, 0h
498, 24341, 91, 0h
1, 8, 5
-574, 25918, 91, 0h
-570, 26988, 91, 0h
501, 25919, 92, 0h
502, 26985, 89, 0h
1, 9, 5
-570, 28566, 90, 0h
-572, 29640, 88, 0h
508, 28571, 92, 0h
506, 29644, 91, 0h
1, 10, 5
-572, 31225, 91, 0h
-576, 32302, 86, 0h
506, 31222, 92, 0h
501, 32301, 87, 0h
1, 11, 5
-572, 33879, 92, 0h
-572, 34953, 90, 0h
500, 33880, 89, 0h
502, 34954, 90, 0h
1, 12, 5
-570, 36531, 88, 0h
-569, 37602, 90, 0h
499, 36526, 90, 0h
500, 37600, 86, 0h
1, 13, 5
-565, 39183, 90, 0h
-568, 40264, 91, 0h
498, 39191, 90, 0h
498, 40260, 94, 0h
1, 14, 5
-564, 41839, 89, 0h
-562, 42915, 90, 0h
507, 41842, 92, 0h
506, 42918, 92, 0h
1, 15, 5
-567, 44491, 88, 0h
-564, 45571, 91, 0h
514, 44497, 93, 0h
511, 45573, 90, 0h
1, 16, 5
-565, 47145, 91, 0h
-564, 48225, 91, 0h
511, 47150, 93, 0h
509, 48227, 92, 0h
1, 17, 5
-559, 49802, 91, 0h
-563, 50878, 91, 0h
512, 49804, 92, 0h
514, 50882, 90, 0h
1, 18, 23
-566, 52449, 92, 0h
-564, 53533, 89, 0h
512, 52456, 90, 0h
511, 53532, 87, 0h
1, 19, 5
-562, 55110, 91, 0h
-563, 56188, 91, 0h
510, 55111, 92, 0h
511, 56185, 91, 0h
1, 20, 5
-559, 57765, 87, 0h
-560, 58842, 91, 0h
517, 57765, 91, 0h
511, 58843, 91, 0h
1, 21, 5
-559, 60421, 92, 0h
-562, 61495, 93, 0h
510, 60421, 90, 0h
513, 61495, 91, 0h
1, 22, 5
-562, 63070, 92, 0h
-561, 64147, 89, 0h
514, 63068, 93, 0h
511, 64146, 92, 0h
1, 23, 5
-559, 65721, 91, 0h
-560, 66807, 91, 0h
511, 65729, 93, 0h
512, 66803, 89, 0h
1, 24, 23
-559, 68376, 92, 0h
-562, 69452, 88, 0h
507, 68377, 91, 0h
510, 69453, 93, 0h
1, 25, 5
-563, 71027, 89, 0h
-562, 72106, 91, 0h
512, 71029, 93, 0h
511, 72106, 93, 0h
1, 26, 23
-565, 73679, 93, 0h
-562, 74756, 90, 0h
511, 73684, 91, 0h
506, 74758, 86, 0h
1, 27, 23
-562, 76329, 90, 0h
-564, 77410, 90, 0h
508, 76329, 91, 0h
506, 77403, 90, 0h
1, 28, 23
-565, 78984, 87, 0h
-567, 80064, 87, 0h
504, 78981, 92, 0h
515, 80062, 90, 0h
1, 29, 5
-568, 81637, 88, 0h
-567, 82712, 89, 0h
507, 81642, 91, 0h
504, 82716, 91, 0h
1, 30, 23
-569, 84286, 89, 0h
-570, 85366, 88, 0h
510, 84289, 92, 0h
510, 85364, 89, 0h
1, 31, 5
-570, 86945, 87, 0h
-566, 88022, 91, 0h
504, 86945, 92, 0h
507, 88021, 91, 0h
2, 0, 23
2921, 4694, 88, 0h
2923, 5771, 87, 0h
4003, 4698, 89, 0h
4002, 5773, 87, 0h
2, 1, 23
2927, 7347, 88, 0h
2923, 8425, 90, 0h
4001, 7347, 88, 0h
4003, 8424, 91, 0h
2, 2, 5
2926, 10000, 90, 0h
2928, 11077, 89, 0h
4003, 10004, 88, 0h
4002, 11080, 88, 0h
2, 3, 5
2928, 12655, 87, 0h
2925, 13726, 89, 0h
4003, 12658, 92, 0h
4002, 13732, 88, 0h
2, 4, 5
2928, 15308, 91, 0h
2924, 16383, 89, 0h
4004, 15307, 90, 0h
4004, 16383, 88, 0h
2, 5, 5
2931, 17958, 89, 0h
2925, 19035, 90, 0h
4005, 17961, 87, 0h
4002, 19036, 89, 0h
2, 6, 5
2928, 20610, 91, 0h
2929, 21686, 88, 0h
4005, 20611, 89, 0h
4003, 21686, 91, 0h
2, 7, 5
2928, 23272, 89, 0h
2928, 24342, 94, 0h
4002, 23269, 89, 0h
4005, 24344, 91, 0h
2, 8, 5
2929, 25921, 91, 0h
2930, 26990, 91, 0h
4005, 25921, 90, 0h
4007, 26991, 88, 0h
2, 9, 5
2932, 28569, 89, 0h
2932, 29644, 90, 0h
4005, 28570, 88, 0h
4007, 29646, 89, 0h
2, 10, 5
2930, 31226, 93, 0h
2927, 32302, 94, 0h
4006, 31224, 91, 0h
4007, 32301, 89, 0h
2, 11, 5
2928, 33881, 92, 0h
2923, 34961, 91, 0h
4009, 33878, 92, 0h
4001, 34953, 90, 0h
2, 12, 23
2934, 36530, 92, 0h
2932, 37611, 91, 0h
4009, 36537, 92, 0h
4009, 37608, 89, 0h
2, 13, 5
2934, 39189, 91, 0h
2931, 40266, 90, 0h
4013, 39188, 88, 0h
4005, 40264, 89, 0h
2, 14, 5
2935, 41845, 92, 0h
2933, 42921, 88, 0h
4007, 41844, 87, 0h
4011, 42917, 89, 0h
2, 15, 5
2937, 44494, 92, 0h
2937, 45574, 90, 0h
4014, 44496, 89, 0h
4015, 45574, 88, 0h
2, 16, 23
2938, 47148, 92, 0h
2938, 48227, 89, 0h
4013, 47152, 88, 0h
4016, 48228, 87, 0h
2, 17, 5
2937, 49808, 91, 0h
2938, 50882, 90, 0h
4017, 49809, 90, 0h
4012, 50882, 88, 0h
2, 18, 5
2938, 52458, 91, 0h
2936, 53531, 92, 0h
4013, 52455, 86, 0h
4016, 53532, 91, 0h
2, 19, 5
2936, 55109, 93, 0h
2936, 56185, 91, 0h
4017, 55112, 91, 0h
4014, 56187, 93, 0h
2, 20, 23
2939, 57767, 91, 0h
2940, 58846, 96, 0h
4013, 57769, 95, 0h
4020, 58848, 92, 0h
2, 21, 5
2943, 60422, 91, 0h
2939, 61503, 90, 0h
4018, 60424, 90, 0h
4013, 61498, 92, 0h
2, 22, 23
2942, 63073, 91, 0h
2942, 64148, 89, 0h
4015, 63076, 90, 0h
4017, 64147, 89, 0h
2, 23, 5
2940, 65726, 92, 0h
2934, 66803, 90, 0h
4016, 65727, 86, 0h
4013, 66804, 91, 0h
2, 24, 5
2942, 68378, 92, 0h
2940, 69459, 90, 0h
4018, 68383, 89, 0h
4019, 69456, 89, 0h
2, 25, 5
2940, 71032, 88, 0h
2940, 72109, 92, 0h
4017, 71036, 91, 0h
4014, 72111, 90, 0h
2, 26, 5
2939, 73687, 93, 0h
2941, 74764, 92, 0h
4018, 73688, 91, 0h
4018, 74762, 89, 0h
2, 27, 5
2943, 76341, 90, 0h
2943, 77412, 92, 0h
4022, 76337, 88, 0h
4019, 77414, 92, 0h
2, 28, 5
2941, 78989, 91, 0h
2933, 80065, 90, 0h
4021, 78987, 92, 0h
4011, 80067, 88, 0h
2, 29, 23
2938, 81640, 90, 0h
2938, 82717, 91, 0h
4017, 81645, 89, 0h
4018, 82717, 91, 0h
2, 30, 5
2935, 84291, 91, 0h
2940, 85367, 92, 0h
4016, 84295, 92, 0h
4015, 85367, 91, 0h
2, 31, 5
2935, 86947, 88, 0h
2936, 88024, 90, 0h
4018, 86946, 92, 0h
4016, 88022, 86, 0h
3, 0, 23
6438, 4694, 91, 0h
6436, 5769, 89, 0h
7520, 4697, 88, 0h
7518, 5774, 85, 0h
3, 1, 23
6440, 7347, 89, 0h
6441, 8422, 92, 0h
7518, 7350, 89, 0h
7518, 8428, 88, 0h
3, 2, 5
6439, 9997, 93, 0h
6438, 11075, 89, 0h
7516, 10004, 88, 0h
7516, 11076, 90, 0h
3, 3, 5
6435, 12651, 91, 0h
6432, 13722, 90, 0h
7515, 12652, 92, 0h
7511, 13727, 91, 0h
3, 4, 5
6436, 15304, 88, 0h
6432, 16380, 88, 0h
7512, 15305, 90, 0h
7513, 16381, 94, 0h
3, 5, 5
6438, 17957, 90, 0h
6436, 19032, 89, 0h
7519, 17960, 90, 0h
7516, 19036, 88, 0h
3, 6, 5
6438, 20609, 95, 0h
6435, 21686, 92, 0h
7515, 20610, 93, 0h
7513, 21682, 93, 0h
3, 7, 5
6436, 23265, 91, 0h
6438, 24337, 87, 0h
7516, 23266, 90, 0h
7517, 24341, 88, 0h
3, 8, 5
6436, 25918, 90, 0h
6435, 26989, 88, 0h
7514, 25921, 90, 0h
7515, 26991, 90, 0h
3, 9, 5
6438, 28566, 91, 0h
6438, 29641, 87, 0h
7516, 28565, 90, 0h
7513, 29641, 93, 0h
3, 10, 5
6441, 31222, 91, 0h
6436, 32300, 92, 0h
7516, 31220, 91, 0h
7515, 32297, 90, 0h
3, 11, 5
6438, 33879, 87, 0h
6435, 34953, 89, 0h
7512, 33877, 93, 0h
7509, 34951, 92, 0h
3, 12, 5
6444, 36525, 90, 0h
6440, 37605, 88, 0h
7522, 36529, 92, 0h
7521, 37602, 93, 0h
3, 13, 5
6441, 39184, 93, 0h
6440, 40261, 90, 0h
7522, 39184, 92, 0h
7515, 40263, 92, 0h
3, 14, 5
6439, 41840, 89, 0h
6438, 42916, 89, 0h
7516, 41840, 93, 0h
7517, 42912, 90, 0h
3, 15, 5
6444, 44489, 90, 0h
6443, 45568, 90, 0h
7519, 44488, 93, 0h
7522, 45566, 89, 0h
3, 16, 5
6447, 47144, 89, 0h
6444, 48222, 92, 0h
7516, 47146, 93, 0h
7514, 48220, 91, 0h
3, 17, 5
6444, 49800, 92, 0h
6444, 50877, 92, 0h
7518, 49800, 91, 0h
7517, 50874, 92, 0h
3, 18, 5
6446, 52454, 87, 0h
6445, 53532, 87, 0h
7516, 52455, 91, 0h
7522, 53532, 90, 0h
3, 19, 5
6446, 55106, 92, 0h
6446, 56187, 92, 0h
7522, 55108, 91, 0h
7518, 56184, 91, 0h
3, 20, 5
6450, 57759, 93, 0h
6448, 58838, 90, 0h
7519, 57759, 94, 0h
7524, 58835, 90, 0h
3, 21, 5
6449, 60417, 89, 0h
6445, 61497, 89, 0h
7521, 60416, 92, 0h
7513, 61492, 90, 0h
3, 22, 5
6454, 63071, 92, 0h
6452, 64146, 87, 0h
7520, 63072, 93, 0h
7523, 64144, 88, 0h
3, 23, 5
6450, 65725, 92, 0h
6445, 66804, 89, 0h
7524, 65732, 92, 0h
7523, 66804, 91, 0h
3, 24, 5
6446, 68376, 88, 0h
6448, 69454, 87, 0h
7525, 68380, 91, 0h
7529, 69452, 88, 0h
3, 25, 5
6453, 71032, 90, 0h
6450, 72106, 90, 0h
7529, 71031, 92, 0h
7525, 72106, 91, 0h
3, 26, 5
6447, 73683, 90, 0h
6450, 74757, 86, 0h
7527, 73686, 94, 0h
7526, 74760, 88, 0h
3, 27, 5
6449, 76332, 89, 0h
6451, 77405, 89, 0h
7532, 76331, 91, 0h
7531, 77407, 88, 0h
3, 28, 5
6447, 78984, 90, 0h
6449, 80067, 90, 0h
7529, 78981, 91, 0h
7525, 80063, 89, 0h
3, 29, 5
6451, 81638, 88, 0h
6449, 82712, 89, 0h
7526, 81640, 90, 0h
7527, 82712, 90, 0h
3, 30, 5
6454, 84285, 91, 0h
6454, 85364, 91, 0h
7530, 84290, 88, 0h
7529, 85360, 88, 0h
3, 31, 5
6451, 86939, 87, 0h
6450, 88017, 90, 0h
7530, 86941, 91, 0h
7528, 88014, 89, 0h
4, 0, 5
9945, 4700, 88, 0h
9947, 5776, 84, 0h
11020, 4704, 90, 0h
11018, 5780, 87, 0h
4, 1, 5
9941, 7355, 89, 0h
9942, 8427, 87, 0h
11021, 7356, 88, 0h
11020, 8433, 85, 0h
4, 2, 5
9945, 10005, 87, 0h
9941, 11079, 90, 0h
11022, 10011, 88, 0h
11020, 11080, 91, 0h
4, 3, 5
9946, 12657, 90, 0h
9942, 13729, 90, 0h
11022, 12661, 93, 0h
11020, 13735, 89, 0h
4, 4, 5
9944, 15309, 92, 0h
9941, 16386, 92, 0h
11021, 15311, 91, 0h
11016, 16381, 90, 0h
4, 5, 5
9944, 17959, 91, 0h
9944, 19035, 91, 0h
11025, 17959, 87, 0h
11017, 19037, 89, 0h
4, 6, 5
9941, 20611, 91, 0h
9942, 21685, 87, 0h
11018, 20614, 92, 0h
11016, 21688, 88, 0h
4, 7, 5
9943, 23271, 88, 0h
9943, 24342, 89, 0h
11022, 23271, 91, 0h
11019, 24345, 90, 0h
4, 8, 5
9945, 25919, 90, 0h
9945, 26994, 87, 0h
11019, 25923, 86, 0h
11022, 26993, 91, 0h
4, 9, 5
9943, 28571, 90, 0h
9943, 29646, 92, 0h
11019, 28571, 91, 0h
11017, 29645, 91, 0h
4, 10, 5
9945, 31221, 90, 0h
9944, 32301, 90, 0h
11018, 31226, 91, 0h
11016, 32302, 91, 0h
4, 11, 5
9943, 33878, 89, 0h
9945, 34959, 91, 0h
11019, 33882, 91, 0h
11021, 34955, 90, 0h
4, 12, 5
9947, 36528, 90, 0h
9945, 37608, 91, 0h
11021, 36534, 91, 0h
11019, 37610, 90, 0h
4, 13, 5
9945, 39183, 90, 0h
9948, 40268, 95, 0h
11020, 39189, 90, 0h
11022, 40265, 91, 0h
4, 14, 5
9946, 41842, 92, 0h
9946, 42920, 94, 0h
11022, 41846, 91, 0h
11015, 42919, 89, 0h
4, 15, 5
9947, 44500, 92, 0h
9947, 45576, 91, 0h
11025, 44500, 91, 0h
11023, 45574, 89, 0h
4, 16, 5
9945, 47149, 90, 0h
9950, 48225, 88, 0h
11025, 47150, 92, 0h
11020, 48227, 92, 0h
4, 17, 5
9948, 49805, 88, 0h
9949, 50880, 93, 0h
11023, 49806, 91, 0h
11020, 50880, 98, 0h
4, 18, 5
9951, 52456, 92, 0h
9953, 53532, 93, 0h
11022, 52460, 91, 0h
11027, 53535, 89, 0h
4, 19, 5
9952, 55113, 90, 0h
9950, 56188, 91, 0h
11029, 55114, 93, 0h
11028, 56189, 93, 0h
4, 20, 5
9951, 57768, 92, 0h
9953, 58846, 91, 0h
11027, 57769, 92, 0h
11026, 58847, 90, 0h
4, 21, 5
9950, 60423, 92, 0h
9952, 61499, 92, 0h
11028, 60425, 91, 0h
11028, 61499, 90, 0h
4, 22, 5
9948, 63074, 92, 0h
9952, 64153, 91, 0h
11031, 63075, 92, 0h
11029, 64149, 91, 0h
4, 23, 5
9953, 65729, 91, 0h
9954, 66805, 91, 0h
11034, 65729, 92, 0h
11031, 66804, 90, 0h
4, 24, 5
9954, 68383, 92, 0h
9952, 69462, 91, 0h
11030, 68385, 92, 0h
11034, 69459, 91, 0h
4, 25, 5
9954, 71032, 88, 0h
9956, 72110, 92, 0h
11035, 71033, 91, 0h
11035, 72110, 93, 0h
4, 26, 5
9959, 73687, 91, 0h
9960, 74763, 86, 0h
11036, 73687, 91, 0h
11034, 74765, 91, 0h
4, 27, 5
9957, 76336, 88, 0h
9956, 77413, 91, 0h
11033, 76338, 89, 0h
11035, 77413, 88, 0h
4, 28, 5
9957, 78985, 93, 0h
9951, 80062, 91, 0h
11035, 78985, 91, 0h
11033, 80062, 91, 0h
4, 29, 23
9960, 81641, 86, 0h
9958, 82714, 90, 0h
11037, 81640, 89, 0h
11034, 82712, 90, 0h
4, 30, 5
9961, 84291, 90, 0h
9957, 85363, 89, 0h
11040, 84291, 91, 0h
11037, 85364, 90, 0h
4, 31, 5
9960, 86940, 88, 0h
9962, 88014, 88, 0h
11040, 86942, 91, 0h
11037, 88018, 88, 0h
5, 0, 23
13462, 4696, 90, 0h
13459, 5775, 90, 0h
14534, 4702, 92, 0h
14533, 5776, 92, 0h
5, 1, 5
13453, 7350, 88, 0h
13452, 8426, 89, 0h
14534, 7352, 91, 0h
14533, 8427, 87, 0h
5, 2, 5
13458, 10001, 89, 0h
13457, 11078, 87, 0h
14534, 10008, 89, 0h
14531, 11078, 89, 0h
5, 3, 5
13458, 12651, 91, 0h
13453, 13728, 88, 0h
14535, 12655, 92, 0h
14534, 13734, 92, 0h
5, 4, 5
13458, 15304, 88, 0h
13455, 16381, 88, 0h
14532, 15306, 91, 0h
14530, 16378, 94, 0h
5, 5, 5
13456, 17957, 87, 0h
13457, 19035, 92, 0h
14534, 17959, 92, 0h
14531, 19033, 92, 0h
5, 6, 5
13456, 20608, 91, 0h
13454, 21685, 90, 0h
14529, 20608, 90, 0h
14528, 21684, 92, 0h
5, 7, 5
13458, 23263, 91, 0h
13454, 24338, 90, 0h
14532, 23267, 91, 0h
14530, 24339, 91, 0h
5, 8, 5
13457, 25918, 92, 0h
13447, 26986, 88, 0h
14531, 25919, 92, 0h
14529, 26990, 91, 0h
5, 9, 5
13452, 28562, 88, 0h
13451, 29641, 89, 0h
14529, 28565, 90, 0h
14527, 29640, 91, 0h
5, 10, 5
13456, 31221, 89, 0h
13455, 32300, 91, 0h
14529, 31223, 92, 0h
14530, 32301, 90, 0h
5, 11, 5
13453, 33872, 91, 0h
13454, 34956, 91, 0h
14531, 33879, 92, 0h
14532, 34949, 92, 0h
5, 12, 5
13456, 36525, 92, 0h
13453, 37604, 90, 0h
14530, 36529, 90, 0h
14530, 37604, 90, 0h
5, 13, 5
13457, 39183, 89, 0h
13454, 40260, 90, 0h
14532, 39186, 92, 0h
14531, 40258, 94, 0h
5, 14, 23
13454, 41837, 89, 0h
13458, 42912, 90, 0h
14533, 41839, 91, 0h
14529, 42912, 91, 0h
5, 15, 5
13458, 44492, 90, 0h
13456, 45570, 90, 0h
14536, 44494, 92, 0h
14534, 45569, 90, 0h
5, 16, 5
13456, 47145, 92, 0h
13459, 48225, 91, 0h
14533, 47147, 92, 0h
14530, 48223, 88, 0h
5, 17, 5
13456, 49799, 93, 0h
13459, 50873, 92, 0h
14532, 49801, 94, 0h
14532, 50875, 92, 0h
5, 18, 5
13461, 52450, 90, 0h
13460, 53525, 89, 0h
14532, 52452, 94, 0h
14537, 53528, 90, 0h
5, 19, 5
13460, 55107, 92, 0h
13457, 56184, 91, 0h
14535, 55106, 92, 0h
14536, 56185, 91, 0h
5, 20, 5
13462, 57759, 89, 0h
13463, 58839, 89, 0h
14536, 57763, 92, 0h
14538, 58841, 96, 0h
5, 21, 5
13460, 60420, 91, 0h
13460, 61493, 92, 0h
14542, 60419, 94, 0h
14538, 61495, 90, 0h
5, 22, 5
13460, 63070, 91, 0h
13462, 64148, 91, 0h
14540, 63069, 94, 0h
14538, 64143, 92, 0h
5, 23, 5
13462, 65724, 96, 0h
13461, 66802, 91, 0h
14540, 65727, 91, 0h
14538, 66802, 92, 0h
5, 24, 5
13464, 68375, 90, 0h
13464, 69452, 89, 0h
14539, 68374, 91, 0h
14543, 69452, 91, 0h
5, 25, 5
13470, 71027, 94, 0h
13467, 72106, 89, 0h
14547, 71030, 91, 0h
14545, 72104, 91, 0h
5, 26, 5
13469, 73679, 92, 0h
13470, 74757, 89, 0h
14546, 73683, 91, 0h
14546, 74761, 90, 0h
5, 27, 5
13466, 76329, 90, 0h
13469, 77407, 92, 0h
14547, 76333, 89, 0h
14549, 77406, 91, 0h
5, 28, 5
13469, 78981, 91, 0h
13468, 80066, 91, 0h
14547, 78982, 86, 0h
14546, 80061, 90, 0h
5, 29, 5
13473, 81638, 93, 0h
13471, 82710, 92, 0h
14546, 81640, 89, 0h
14545, 82708, 91, 0h
5, 30, 23
13477, 84282, 92, 0h
13472, 85360, 89, 0h
14550, 84282, 92, 0h
14547, 85357, 87, 0h
5, 31, 5
13470, 86936, 89, 0h
13472, 88013, 86, 0h
14547, 86940, 91, 0h
14544, 88016, 92, 0h
6, 0, 5
16966, 4704, 88, 0h
16966, 5782, 89, 0h
18048, 4704, 92, 0h
18043, 5782, 92, 0h
6, 1, 5
16965, 7359, 91, 0h
16963, 8433, 92, 0h
18041, 7361, 92, 0h
18042, 8433, 91, 0h
6, 2, 5
16963, 10006, 90, 0h
16960, 11084, 88, 0h
18041, 10009, 92, 0h
18040, 11082, 89, 0h
6, 3, 5
16963, 12656, 87, 0h
16963, 13728, 88, 0h
18037, 12659, 91, 0h
18042, 13729, 92, 0h
6, 4, 5
16962, 15310, 85, 0h
16964, 16384, 91, 0h
18043, 15313, 92, 0h
18040, 16384, 88, 0h
6, 5, 5
16963, 17958, 91, 0h
16963, 19035, 92, 0h
18042, 17962, 91, 0h
18043, 19036, 90, 0h
6, 6, 5
16963, 20611, 90, 0h
16963, 21687, 89, 0h
18043, 20611, 94, 0h
18041, 21690, 90, 0h
6, 7, 5
16961, 23266, 95, 0h
16963, 24343, 91, 0h
18042, 23267, 91, 0h
18037, 24346, 96, 0h
6, 8, 5
16964, 25920, 91, 0h
16956, 26993, 91, 0h
18036, 25921, 92, 0h
18039, 26995, 86, 0h
6, 9, 5
16960, 28567, 91, 0h
16959, 29643, 95, 0h
18037, 28571, 91, 0h
18036, 29643, 91, 0h
6, 10, 5
16964, 31227, 92, 0h
16959, 32300, 92, 0h
18039, 31227, 91, 0h
18042, 32303, 91, 0h
6, 11, 5
16963, 33882, 87, 0h
16961, 34955, 90, 0h
18040, 33882, 92, 0h
18038, 34959, 92, 0h
6, 12, 5
16961, 36531, 88, 0h
16963, 37610, 91, 0h
18043, 36532, 91, 0h
18042, 37608, 90, 0h
6, 13, 5
16962, 39184, 90, 0h
16961, 40265, 91, 0h
18042, 39187, 90, 0h
18038, 40258, 90, 0h
6, 14, 5
16960, 41840, 88, 0h
16963, 42917, 92, 0h
18032, 41843, 91, 0h
18034, 42922, 91, 0h
6, 15, 5
16966, 44498, 91, 0h
16963, 45572, 91, 0h
18044, 44495, 91, 0h
18043, 45570, 90, 0h
6, 16, 5
16968, 47150, 92, 0h
16960, 48242, 99, 0h
18043, 47152, 93, 0h
18041, 48231, 93, 0h
6, 17, 5
16964, 49804, 91, 0h
16964, 50876, 92, 0h
18037, 49804, 92, 0h
18037, 50883, 92, 0h
6, 18, 5
16966, 52457, 92, 0h
16970, 53534, 93, 0h
18037, 52457, 91, 0h
18044, 53530, 93, 0h
6, 19, 5
16969, 55112, 92, 0h
16968, 56190, 93, 0h
18045, 55110, 92, 0h
18042, 56188, 91, 0h
6, 20, 5
16972, 57764, 91, 0h
16968, 58847, 90, 0h
18047, 57766, 92, 0h
18046, 58846, 92, 0h
6, 21, 5
16972, 60424, 91, 0h
16968, 61497, 99, 0h
18047, 60426, 92, 0h
18046, 61500, 91, 0h
6, 22, 5
16969, 63073, 92, 0h
16973, 64150, 94, 0h
18048, 63076, 94, 0h
18048, 64149, 92, 0h
6, 23, 5
16972, 65726, 92, 0h
16974, 66801, 91, 0h
18057, 65726, 95, 0h
18053, 66806, 93, 0h
6, 24, 5
16974, 68382, 95, 0h
16972, 69457, 95, 0h
18052, 68383, 95, 0h
18049, 69456, 92, 0h
6, 25, 5
16978, 71031, 93, 0h
16977, 72109, 92, 0h
18053, 71036, 92, 0h
18057, 72114, 91, 0h
6, 26, 5
16978, 73686, 92, 0h
16980, 74763, 92, 0h
18058, 73688, 93, 0h
18057, 74763, 91, 0h
6, 27, 5
16979, 76338, 96, 0h
16980, 77411, 93, 0h
18057, 76337, 91, 0h
18058, 77413, 90, 0h
6, 28, 5
16983, 78987, 90, 0h
16978, 80061, 91, 0h
18055, 78989, 91, 0h
18055, 80065, 91, 0h
6, 29, 5
16980, 81639, 90, 0h
16980, 82713, 88, 0h
18056, 81641, 88, 0h
18059, 82715, 90, 0h
6, 30, 5
16980, 84293, 90, 0h
16982, 85364, 92, 0h
18060, 84292, 91, 0h
18056, 85364, 90, 0h
6, 31, 5
16984, 86942, 92, 0h
16982, 88020, 91, 0h
18061, 86942, 90, 0h
18058, 88015, 90, 0h
7, 0, 5
20473, 4700, 93, 0h
20473, 5778, 90, 0h
21550, 4703, 92, 0h
21546, 5779, 91, 0h
7, 1, 5
20474, 7355, 93, 0h
20472, 8428, 91, 0h
21548, 7354, 89, 0h
21545, 8428, 88, 0h
7, 2, 5
20477, 10004, 88, 0h
20474, 11081, 91, 0h
21550, 10008, 91, 0h
21548, 11080, 96, 0h
7, 3, 5
20477, 12655, 93, 0h
20472, 13729, 89, 0h
21546, 12655, 92, 0h
21547, 13729, 92, 0h
7, 4, 5
20473, 15304, 91, 0h
20471, 16380, 90, 0h
21548, 15309, 92, 0h
21549, 16380, 92, 0h
7, 5, 5
20471, 17960, 92, 0h
20472, 19035, 89, 0h
21549, 17960, 91, 0h
21548, 19034, 89, 0h
7, 6, 5
20472, 20604, 91, 0h
20475, 21682, 93, 0h
21548, 20607, 92, 0h
21547, 21684, 92, 0h
7, 7, 5
20474, 23262, 92, 0h
20475, 24339, 91, 0h
21552, 23263, 92, 0h
21548, 24340, 93, 0h
7, 8, 5
20475, 25913, 92, 0h
20464, 26983, 86, 0h
21548, 25914, 92, 0h
21546, 26984, 89, 0h
7, 9, 5
20470, 28564, 91, 0h
20469, 29638, 91, 0h
21549, 28566, 91, 0h
21547, 29638, 91, 0h
7, 10, 5
20469, 31223, 92, 0h
20467, 32299, 88, 0h
21548, 31225, 95, 0h
21549, 32299, 90, 0h
7, 11, 5
20471, 33875, 95, 0h
20469, 34950, 89, 0h
21549, 33875, 92, 0h
21546, 34951, 90, 0h
7, 12, 5
20469, 36525, 92, 0h
20467, 37605, 89, 0h
21547, 36528, 91, 0h
21546, 37602, 90, 0h
7, 13, 5
20470, 39181, 92, 0h
20470, 40262, 92, 0h
21548, 39182, 91, 0h
21547, 40259, 91, 0h
7, 14, 5
20471, 41836, 89, 0h
20474, 42914, 88, 0h
21545, 41835, 91, 0h
21547, 42914, 91, 0h
7, 15, 5
20472, 44488, 91, 0h
20471, 45565, 89, 0h
21548, 44488, 93, 0h
21551, 45564, 92, 0h
7, 16, 5
20476, 47146, 90, 0h
20468, 48236, 98, 0h
21553, 47147, 92, 0h
21549, 48219, 96, 0h
7, 17, 5
20473, 49802, 91, 0h
20475, 50872, 92, 0h
21553, 49800, 92, 0h
21551, 50875, 90, 0h
7, 18, 5
20478, 52450, 92, 0h
20477, 53526, 90, 0h
21555, 52451, 91, 0h
21551, 53529, 91, 0h
7, 19, 2
20478, 55112, 89, 0h
20477, 56190, 94, 0h
21555, 55110, 94, 0h
21551, 56188, 0, 64h
7, 20, 5
20477, 57761, 90, 0h
20477, 58844, 93, 0h
21554, 57766, 96, 0h
21558, 58843, 97, 0h
7, 21, 5
20482, 60419, 91, 0h
20475, 61493, 91, 0h
21556, 60417, 92, 0h
21555, 61494, 93, 0h
7, 22, 5
20482, 63071, 95, 0h
20483, 64148, 92, 0h
21557, 63069, 92, 0h
21560, 64147, 90, 0h
7, 23, 5
20483, 65722, 92, 0h
20477, 66802, 97, 0h
21565, 65725, 94, 0h
21556, 66808, 92, 0h
7, 24, 5
20480, 68375, 89, 0h
20484, 69451, 93, 0h
21559, 68379, 91, 0h
21561, 69451, 91, 0h
7, 25, 5
20485, 71027, 94, 0h
20488, 72103, 91, 0h
21563, 71031, 92, 0h
21565, 72107, 91, 0h
7, 26, 5
20488, 73680, 94, 0h
20490, 74756, 92, 0h
21565, 73684, 89, 0h
21565, 74760, 90, 0h
7, 27, 5
20491, 76330, 92, 0h
20494, 77407, 92, 0h
21566, 76331, 91, 0h
21569, 77408, 94, 0h
7, 28, 5
20497, 78981, 91, 0h
20496, 80065, 86, 0h
21565, 78983, 92, 0h
21571, 80065, 91, 0h
7, 29, 23
20490, 81635, 90, 0h
20490, 82709, 88, 0h
21565, 81635, 91, 0h
21567, 82710, 91, 0h
7, 30, 5
20488, 84283, 89, 0h
20492, 85355, 87, 0h
21570, 84284, 88, 0h
21572, 85358, 90, 0h
7, 31, 5
20497, 86934, 90, 0h
20495, 88017, 88, 0h
21573, 86938, 89, 0h
21573, 88013, 93, 0h
8, 0, 5
23985, 4706, 89, 0h
23984, 5782, 88, 0h
25061, 4712, 90, 0h
25057, 5782, 88, 0h
8, 1, 5
23988, 7359, 87, 0h
23984, 8435, 92, 0h
25060, 7362, 92, 0h
25059, 8435, 88, 0h
8, 2, 5
23983, 10009, 91, 0h
23984, 11081, 88, 0h
25056, 10011, 90, 0h
25059, 11083, 88, 0h
8, 3, 5
23982, 12659, 88, 0h
23983, 13728, 90, 0h
25058, 12659, 88, 0h
25057, 13733, 89, 0h
8, 4, 5
23987, 15310, 90, 0h
23984, 16388, 91, 0h
25059, 15311, 90, 0h
25058, 16381, 91, 0h
8, 5, 5
23981, 17955, 91, 0h
23977, 19035, 92, 0h
25058, 17959, 90, 0h
25057, 19036, 93, 0h
8, 6, 5
23981, 20615, 92, 0h
23981, 21690, 91, 0h
25058, 20616, 92, 0h
25055, 21688, 90, 0h
8, 7, 5
23984, 23269, 93, 0h
23986, 24342, 91, 0h
25056, 23267, 88, 0h
25056, 24341, 91, 0h
8, 8, 5
23983, 25924, 90, 0h
23983, 26991, 91, 0h
25063, 25924, 92, 0h
25061, 26990, 88, 0h
8, 9, 5
23978, 28565, 90, 0h
23980, 29646, 91, 0h
25059, 28569, 91, 0h
25060, 29644, 91, 0h
8, 10, 5
23983, 31224, 90, 0h
23980, 32300, 91, 0h
25061, 31227, 91, 0h
25061, 32301, 91, 0h
8, 11, 5
23980, 33879, 90, 0h
23980, 34955, 92, 0h
25059, 33879, 92, 0h
25057, 34957, 92, 0h
8, 12, 5
23982, 36530, 90, 0h
23981, 37607, 91, 0h
25059, 36527, 92, 0h
25056, 37604, 93, 0h
8, 13, 5
23982, 39183, 92, 0h
23983, 40260, 90, 0h
25060, 39189, 92, 0h
25065, 40266, 92, 0h
8, 14, 5
23985, 41842, 92, 0h
23985, 42918, 94, 0h
25062, 41842, 91, 0h
25064, 42919, 90, 0h
8, 15, 5
23985, 44494, 90, 0h
23984, 45572, 90, 0h
25061, 44495, 90, 0h
25061, 45570, 90, 0h
8, 16, 5
23988, 47149, 91, 0h
23985, 48226, 93, 0h
25063, 47148, 92, 0h
25063, 48228, 87, 0h
8, 17, 5
23988, 49798, 92, 0h
23987, 50881, 90, 0h
25066, 49804, 91, 0h
25072, 50879, 90, 0h
8, 18, 5
23988, 52460, 92, 0h
23991, 53530, 89, 0h
25070, 52459, 91, 0h
25068, 53525, 90, 0h
8, 19, 5
23987, 55111, 92, 0h
23989, 56190, 92, 0h
25064, 55113, 90, 0h
25064, 56189, 89, 0h
8, 20, 5
23991, 57763, 92, 0h
23989, 58843, 94, 0h
25068, 57766, 93, 0h
25068, 58842, 94, 0h
8, 21, 5
23991, 60424, 91, 0h
23993, 61498, 92, 0h
25070, 60423, 91, 0h
25065, 61502, 93, 0h
8, 22, 5
23993, 63069, 95, 0h
23992, 64151, 94, 0h
25072, 63075, 92, 0h
25072, 64145, 97, 0h
8, 23, 5
23994, 65725, 92, 0h
23993, 66804, 94, 0h
25073, 65726, 91, 0h
25069, 66801, 93, 0h
8, 24, 5
23996, 68381, 91, 0h
23998, 69457, 92, 0h
25070, 68385, 91, 0h
25072, 69455, 91, 0h
8, 25, 5
23998, 71034, 92, 0h
23996, 72105, 91, 0h
25074, 71033, 88, 0h
25077, 72110, 91, 0h
8, 26, 5
24000, 73686, 93, 0h
23996, 74761, 90, 0h
25075, 73690, 91, 0h
25076, 74761, 91, 0h
8, 27, 5
24004, 76338, 92, 0h
24000, 77412, 96, 0h
25072, 76334, 90, 0h
25077, 77409, 91, 0h
8, 28, 5
24006, 78987, 90, 0h
23997, 80063, 91, 0h
25078, 78988, 90, 0h
25077, 80064, 89, 0h
8, 29, 5
24000, 81640, 89, 0h
24003, 82714, 94, 0h
25079, 81641, 89, 0h
25082, 82713, 90, 0h
8, 30, 5
24006, 84288, 91, 0h
24003, 85363, 88, 0h
25082, 84288, 88, 0h
25083, 85364, 88, 0h
8, 31, 23
24005, 86939, 89, 0h
24009, 88016, 93, 0h
25081, 86941, 90, 0h
25084, 88015, 87, 0h
9, 0, 5
27498, 4703, 90, 0h
27495, 5779, 90, 0h
28578, 4706, 89, 0h
28574, 5776, 88, 0h
9, 1, 5
27493, 7351, 89, 0h
27491, 8436, 91, 0h
28573, 7359, 89, 0h
28572, 8436, 89, 0h
9, 2, 5
27492, 10006, 89, 0h
27492, 11079, 88, 0h
28566, 10006, 90, 0h
28568, 11079, 91, 0h
9, 3, 5
27494, 12653, 88, 0h
27492, 13730, 89, 0h
28569, 12660, 93, 0h
28568, 13731, 91, 0h
9, 4, 5
27492, 15306, 88, 0h
27492, 16381, 89, 0h
28567, 15310, 90, 0h
28567, 16379, 89, 0h
9, 5, 5
27491, 17960, 88, 0h
27490, 19039, 91, 0h
28569, 17959, 92, 0h
28569, 19036, 92, 0h
9, 6, 5
27495, 20607, 89, 0h
27490, 21684, 88, 0h
28568, 20611, 90, 0h
28569, 21685, 88, 0h
9, 7, 5
27494, 23265, 89, 0h
27493, 24338, 91, 0h
28569, 23267, 91, 0h
28567, 24336, 90, 0h
9, 8, 5
27493, 25914, 91, 0h
27486, 26978, 90, 0h
28570, 25915, 91, 0h
28563, 26981, 91, 0h
9, 9, 5
27491, 28561, 97, 0h
27489, 29641, 91, 0h
28567, 28564, 95, 0h
28569, 29640, 93, 0h
9, 10, 5
27487, 31220, 92, 0h
27488, 32298, 91, 0h
28567, 31221, 93, 0h
28571, 32300, 92, 0h
9, 11, 5
27488, 33873, 92, 0h
27489, 34950, 91, 0h
28567, 33873, 91, 0h
28568, 34950, 91, 0h
9, 12, 23
27495, 36525, 89, 0h
27493, 37601, 89, 0h
28573, 36525, 92, 0h
28570, 37603, 91, 0h
9, 13, 23
27497, 39178, 91, 0h
27491, 40258, 92, 0h
28572, 39178, 91, 0h
28571, 40259, 91, 0h
9, 14, 5
27493, 41834, 90, 0h
27493, 42912, 89, 0h
28569, 41839, 93, 0h
28570, 42914, 91, 0h
9, 15, 2
27493, 44494, 86, 0h
27493, 45572, 64, 168h
28569, 44495, 90, 0h
28570, 45570, 0, 64h
9, 16, 5
27501, 47142, 92, 0h
27497, 48219, 92, 0h
28574, 47139, 95, 0h
28574, 48218, 91, 0h
9, 17, 5
27499, 49796, 94, 0h
27498, 50877, 89, 0h
28574, 49800, 92, 0h
28576, 50875, 90, 0h
9, 18, 5
27499, 52451, 91, 0h
27502, 53527, 88, 0h
28576, 52452, 91, 0h
28579, 53526, 90, 0h
9, 19, 5
27503, 55107, 93, 0h
27501, 56182, 92, 0h
28577, 55108, 94, 0h
28576, 56180, 92, 0h
9, 20, 5
27503, 57756, 94, 0h
27505, 58836, 89, 0h
28582, 57760, 95, 0h
28581, 58835, 94, 0h
9, 21, 23
27506, 60417, 93, 0h
27503, 61490, 91, 0h
28584, 60416, 91, 0h
28583, 61492, 93, 0h
9, 22, 5
27505, 63067, 91, 0h
27504, 64146, 90, 0h
28584, 63072, 92, 0h
28582, 64142, 93, 0h
9, 23, 5
27509, 65722, 92, 0h
27506, 66803, 93, 0h
28584, 65723, 96, 0h
28582, 66795, 93, 0h
9, 24, 5
27507, 68375, 93, 0h
27509, 69451, 92, 0h
28581, 68381, 92, 0h
28583, 69452, 99, 0h
9, 25, 5
27508, 71027, 92, 0h
27508, 72100, 90, 0h
28585, 71031, 92, 0h
28591, 72105, 97, 0h
9, 26, 5
27513, 73681, 92, 0h
27510, 74755, 90, 0h
28590, 73684, 92, 0h
28590, 74755, 92, 0h
9, 27, 2
27513, 76338, 90, 0h
27510, 77412, 91, 0h
28590, 76334, 63, 168h
28590, 77409, 91, 0h
9, 28, 5
27518, 78980, 91, 0h
27514, 80060, 92, 0h
28594, 78980, 91, 0h
28593, 80059, 89, 0h
9, 29, 23
27513, 81636, 92, 0h
27515, 82708, 89, 0h
28592, 81635, 90, 0h
28592, 82710, 91, 0h
9, 30, 23
27513, 84283, 92, 0h
27515, 85359, 93, 0h
28589, 84284, 91, 0h
28594, 85362, 90, 0h
9, 31, 5
27518, 86934, 92, 0h
27519, 88015, 90, 0h
28592, 86935, 86, 0h
28598, 88011, 91, 0h
10, 0, 23
31004, 4711, 88, 0h
31003, 5785, 89, 0h
32082, 4711, 92, 0h
32081, 5786, 90, 0h
10, 1, 5
31002, 7360, 89, 0h
30998, 8436, 88, 0h
32082, 7363, 90, 0h
32081, 8436, 91, 0h
10, 2, 5
31000, 10009, 90, 0h
31002, 11083, 91, 0h
32079, 10008, 90, 0h
32080, 11081, 94, 0h
10, 3, 5
30998, 12661, 86, 0h
30999, 13734, 90, 0h
32073, 12659, 91, 0h
32075, 13732, 90, 0h
10, 4, 5
31006, 15305, 91, 0h
31006, 16381, 91, 0h
32078, 15312, 92, 0h
32076, 16385, 89, 0h
10, 5, 5
31002, 17959, 95, 0h
31003, 19037, 89, 0h
32079, 17961, 90, 0h
32082, 19037, 90, 0h
10, 6, 2
31001, 20615, 94, 0h
31000, 21688, 93, 0h
32077, 20608, 88, 0h
32077, 21684, 0, 64h
10, 7, 5
31003, 23265, 90, 0h
31005, 24343, 92, 0h
32080, 23267, 91, 0h
32079, 24343, 93, 0h
10, 8, 5
31005, 25918, 93, 0h
31002, 26992, 90, 0h
32081, 25916, 92, 0h
32076, 26987, 91, 0h
10, 9, 5
31001, 28569, 91, 0h
30996, 29645, 91, 0h
32080, 28565, 92, 0h
32079, 29642, 88, 0h
10, 10, 5
31004, 31223, 91, 0h
31003, 32299, 92, 0h
32082, 31221, 91, 0h
32080, 32300, 90, 0h
10, 11, 5
31004, 33874, 90, 0h
31002, 34955, 96, 0h
32084, 33877, 92, 0h
32080, 34954, 91, 0h
10, 12, 5
31008, 36528, 93, 0h
31008, 37603, 91, 0h
32087, 36531, 91, 0h
32088, 37606, 91, 0h
10, 13, 23
31010, 39184, 92, 0h
31004, 40259, 91, 0h
32088, 39182, 89, 0h
32082, 40260, 91, 0h
10, 14, 5
31011, 41837, 92, 0h
31006, 42915, 91, 0h
32088, 41841, 89, 0h
32088, 42916, 91, 0h
10, 15, 5
31012, 44493, 90, 0h
31011, 45570, 91, 0h
32083, 44490, 91, 0h
32086, 45570, 91, 0h
10, 16, 5
31012, 47148, 92, 0h
31013, 48225, 91, 0h
32094, 47148, 92, 0h
32091, 48227, 91, 0h
10, 17, 23
31010, 49802, 92, 0h
31010, 50879, 92, 0h
32088, 49802, 90, 0h
32090, 50878, 91, 0h
10, 18, 5
31015, 52459, 91, 0h
31017, 53526, 92, 0h
32094, 52458, 92, 0h
32097, 53531, 90, 0h
10, 19, 5
31020, 55106, 92, 0h
31019, 56183, 92, 0h
32100, 55110, 93, 0h
32098, 56181, 91, 0h
10, 20, 5
31020, 57761, 91, 0h
31018, 58843, 92, 0h
32096, 57761, 92, 0h
32099, 58836, 92, 0h
10, 21, 5
31019, 60421, 92, 0h
31019, 61496, 93, 0h
32094, 60418, 92, 0h
32093, 61494, 92, 0h
10, 22, 5
31018, 63069, 93, 0h
31021, 64150, 92, 0h
32102, 63072, 92, 0h
32102, 64146, 92, 0h
10, 23, 5
31022, 65726, 91, 0h
31019, 66797, 98, 0h
32098, 65725, 92, 0h
32095, 66797, 92, 0h
10, 24, 5
31026, 68381, 93, 0h
31022, 69454, 92, 0h
32100, 68379, 94, 0h
32101, 69455, 92, 0h
10, 25, 5
31025, 71034, 90, 0h
31025, 72111, 92, 0h
32105, 71033, 91, 0h
32106, 72109, 91, 0h
10, 26, 5
31025, 73688, 92, 0h
31027, 74761, 91, 0h
32100, 73687, 91, 0h
32105, 74763, 92, 0h
10, 27, 5
31030, 76333, 92, 0h
31029, 77407, 92, 0h
32110, 76336, 91, 0h
32112, 77408, 91, 0h
10, 28, 5
31029, 78986, 92, 0h
31023, 80060, 89, 0h
32112, 78985, 93, 0h
32105, 80063, 89, 0h
10, 29, 5
31030, 81639, 90, 0h
31029, 82712, 92, 0h
32112, 81639, 92, 0h
32108, 82712, 91, 0h
10, 30, 5
31029, 84285, 93, 0h
31029, 85361, 91, 0h
32111, 84283, 92, 0h
32109, 85359, 91, 0h
10, 31, 5
31029, 86936, 87, 0h
31030, 88013, 88, 0h
32105, 86938, 93, 0h
32111, 88015, 97, 0h
11, 0, 5
34518, 4704, 92, 0h
34515, 5781, 88, 0h
35595, 4706, 90, 0h
35596, 5781, 91, 0h
11, 1, 5
34514, 7356, 91, 0h
34513, 8432, 95, 0h
35588, 7359, 91, 0h
35592, 8432, 89, 0h
11, 2, 5
34511, 10005, 90, 0h
34508, 11080, 90, 0h
35590, 10006, 93, 0h
35589, 11077, 92, 0h
11, 3, 5
34514, 12655, 87, 0h
34510, 13737, 90, 0h
35591, 12657, 92, 0h
35586, 13733, 89, 0h
11, 4, 5
34514, 15306, 90, 0h
34512, 16381, 90, 0h
35588, 15311, 91, 0h
35587, 16383, 90, 0h
11, 5, 5
34513, 17957, 89, 0h
34514, 19033, 93, 0h
35591, 17957, 92, 0h
35590, 19034, 89, 0h
11, 6, 5
34513, 20609, 91, 0h
34514, 21685, 90, 0h
35591, 20609, 94, 0h
35589, 21683, 92, 0h
11, 7, 5
34518, 23264, 92, 0h
34516, 24340, 89, 0h
35591, 23266, 92, 0h
35591, 24338, 90, 0h
11, 8, 5
34516, 25914, 95, 0h
34511, 26989, 90, 0h
35595, 25918, 92, 0h
35585, 26986, 92, 0h
11, 9, 5
34512, 28565, 92, 0h
34509, 29638, 91, 0h
35588, 28569, 91, 0h
35590, 29639, 91, 0h
11, 10, 5
34513, 31223, 91, 0h
34515, 32297, 91, 0h
35593, 31224, 94, 0h
35589, 32300, 91, 0h
11, 11, 5
34516, 33872, 93, 0h
34513, 34953, 91, 0h
35593, 33873, 92, 0h
35589, 34945, 90, 0h
11, 12, 5
34518, 36525, 90, 0h
34516, 37600, 90, 0h
35596, 36528, 90, 0h
35592, 37602, 88, 0h
11, 13, 5
34517, 39177, 91, 0h
34515, 40260, 93, 0h
35592, 39177, 91, 0h
35592, 40261, 92, 0h
11, 14, 5
34522, 41835, 92, 0h
34517, 42911, 91, 0h
35595, 41836, 94, 0h
35597, 42911, 90, 0h
11, 15, 5
34524, 44489, 92, 0h
34524, 45572, 90, 0h
35600, 44491, 93, 0h
35599, 45570, 90, 0h
11, 16, 5
34524, 47144, 93, 0h
34523, 48217, 91, 0h
35604, 47143, 93, 0h
35604, 48219, 92, 0h
11, 17, 5
34523, 49799, 91, 0h
34522, 50873, 91, 0h
35600, 49799, 92, 0h
35599, 50875, 91, 0h
11, 18, 5
34523, 52453, 92, 0h
34528, 53525, 91, 0h
35600, 52452, 92, 0h
35605, 53526, 90, 0h
11, 19, 5
34528, 55103, 94, 0h
34530, 56175, 92, 0h
35607, 55105, 91, 0h
35604, 56177, 92, 0h
11, 20, 5
34531, 57758, 92, 0h
34529, 58841, 90, 0h
35606, 57763, 94, 0h
35608, 58840, 94, 0h
11, 21, 5
34533, 60411, 91, 0h
34533, 61488, 90, 0h
35611, 60415, 93, 0h
35606, 61488, 91, 0h
11, 22, 5
34533, 63064, 91, 0h
34531, 64146, 91, 0h
35614, 63067, 92, 0h
35612, 64141, 91, 0h
11, 23, 5
34536, 65719, 91, 0h
34530, 66795, 91, 0h
35610, 65721, 93, 0h
35610, 66796, 91, 0h
11, 24, 5
34536, 68374, 92, 0h
34538, 69450, 91, 0h
35618, 68373, 92, 0h
35617, 69448, 90, 0h
11, 25, 23
34536, 71026, 93, 0h
34539, 72101, 91, 0h
35618, 71026, 90, 0h
35618, 72099, 92, 0h
11, 26, 5
34539, 73679, 91, 0h
34540, 74753, 90, 0h
35618, 73677, 92, 0h
35618, 74752, 92, 0h
11, 27, 5
34540, 76329, 92, 0h
34539, 77400, 92, 0h
35618, 76327, 93, 0h
35618, 77399, 91, 0h
11, 28, 5
34543, 78979, 90, 0h
34544, 80061, 93, 0h
35619, 78980, 96, 0h
35621, 80060, 93, 0h
11, 29, 5
34543, 81635, 88, 0h
34541, 82705, 95, 0h
35620, 81632, 91, 0h
35622, 82705, 90, 0h
11, 30, 23
34542, 84276, 92, 0h
34544, 85351, 92, 0h
35622, 84277, 93, 0h
35624, 85351, 90, 0h
11, 31, 5
34545, 86931, 88, 0h
34545, 88008, 90, 0h
35621, 86931, 93, 0h
35623, 88008, 90, 0h
12, 0, 5
38025, 4712, 90, 0h
38022, 5789, 91, 0h
39103, 4712, 93, 0h
39101, 5791, 91, 0h
12, 1, 5
38021, 7361, 92, 0h
38018, 8438, 89, 0h
39105, 7364, 93, 0h
39096, 8440, 92, 0h
12, 2, 5
38023, 10013, 90, 0h
38023, 11087, 89, 0h
39099, 10015, 92, 0h
39097, 11087, 92, 0h
12, 3, 23
38022, 12661, 89, 0h
38019, 13736, 89, 0h
39100, 12659, 89, 0h
39098, 13736, 90, 0h
12, 4, 5
38023, 15313, 89, 0h
38023, 16387, 92, 0h
39100, 15316, 91, 0h
39101, 16387, 89, 0h
12, 5, 5
38027, 17968, 89, 0h
38023, 19048, 93, 0h
39106, 17965, 92, 0h
39106, 19039, 92, 0h
12, 6, 5
38021, 20616, 92, 0h
38023, 21694, 91, 0h
39106, 20617, 95, 0h
39103, 21692, 89, 0h
12, 7, 5
38026, 23266, 94, 0h
38026, 24345, 91, 0h
39102, 23271, 91, 0h
39101, 24345, 91, 0h
12, 8, 5
38028, 25916, 93, 0h
38025, 26985, 94, 0h
39104, 25917, 92, 0h
39103, 26990, 91, 0h
12, 9, 23
38024, 28567, 92, 0h
38027, 29643, 89, 0h
39107, 28567, 93, 0h
39102, 29641, 91, 0h
12, 10, 5
38026, 31221, 89, 0h
38027, 32299, 93, 0h
39106, 31221, 92, 0h
39106, 32297, 90, 0h
12, 11, 5
38030, 33877, 91, 0h
38029, 34953, 92, 0h
39109, 33879, 91, 0h
39108, 34953, 91, 0h
12, 12, 5
38032, 36525, 89, 0h
38033, 37603, 91, 0h
39109, 36525, 90, 0h
39110, 37605, 88, 0h
12, 13, 2
38033, 39184, 79, 168h
38033, 40262, 89, 0h
39113, 39187, 92, 0h
39110, 40264, 91, 0h
12, 14, 5
38032, 41837, 96, 0h
38034, 42912, 89, 0h
39115, 41838, 93, 0h
39112, 42911, 91, 0h
12, 15, 5
38040, 44491, 91, 0h
38041, 45569, 93, 0h
39114, 44490, 91, 0h
39112, 45566, 91, 0h
12, 16, 5
38038, 47145, 91, 0h
38036, 48224, 91, 0h
39115, 47146, 92, 0h
39117, 48226, 90, 0h
12, 17, 5
38039, 49798, 88, 0h
38039, 50875, 95, 0h
39117, 49801, 92, 0h
39121, 50874, 92, 0h
12, 18, 5
38038, 52452, 91, 0h
38042, 53528, 91, 0h
39118, 52453, 91, 0h
39122, 53525, 91, 0h
12, 19, 5
38043, 55105, 91, 0h
38043, 56184, 93, 0h
39123, 55106, 92, 0h
39122, 56183, 91, 0h
12, 20, 5
38048, 57761, 91, 0h
38047, 58838, 90, 0h
39129, 57761, 93, 0h
39125, 58838, 92, 0h
12, 21, 5
38051, 60419, 92, 0h
38050, 61491, 94, 0h
39128, 60415, 92, 0h
39128, 61491, 91, 0h
12, 22, 5
38048, 63065, 91, 0h
38048, 64147, 92, 0h
39126, 63068, 92, 0h
39130, 64145, 94, 0h
12, 23, 5
38045, 65723, 90, 0h
38047, 66797, 92, 0h
39126, 65719, 92, 0h
39124, 66795, 94, 0h
12, 24, 5
38048, 68377, 93, 0h
38047, 69454, 92, 0h
39124, 68375, 90, 0h
39123, 69450, 91, 0h
12, 25, 5
38057, 71028, 92, 0h
38050, 72105, 91, 0h
39135, 71028, 92, 0h
39134, 72105, 91, 0h
12, 26, 5
38055, 73680, 92, 0h
38049, 74754, 92, 0h
39138, 73679, 91, 0h
39133, 74758, 93, 0h
12, 27, 5
38052, 76327, 89, 0h
38055, 77404, 91, 0h
39132, 76327, 90, 0h
39133, 77402, 90, 0h
12, 28, 5
38054, 78978, 91, 0h
38051, 80054, 92, 0h
39129, 78979, 91, 0h
39131, 80055, 93, 0h
12, 29, 5
38055, 81634, 92, 0h
38057, 82708, 92, 0h
39136, 81630, 88, 0h
39137, 82704, 91, 0h
12, 30, 5
38056, 84277, 92, 0h
38058, 85357, 87, 0h
39138, 84278, 90, 0h
39135, 85357, 90, 0h
12, 31, 5
38060, 86929, 92, 0h
38058, 88007, 93, 0h
39138, 86930, 91, 0h
39139, 88005, 90, 0h
13, 0, 5
41533, 4707, 90, 0h
41530, 5784, 87, 0h
42609, 4705, 91, 0h
42606, 5785, 87, 0h
13, 1, 5
41530, 7355, 90, 0h
41530, 8432, 89, 0h
42609, 7360, 88, 0h
42607, 8432, 89, 0h
13, 2, 5
41532, 10010, 91, 0h
41533, 11081, 90, 0h
42608, 10012, 92, 0h
42605, 11082, 91, 0h
13, 3, 5
41530, 12660, 89, 0h
41532, 13732, 90, 0h
42604, 12661, 90, 0h
42608, 13732, 89, 0h
13, 4, 5
41531, 15308, 90, 0h
41531, 16383, 91, 0h
42608, 15311, 92, 0h
42608, 16383, 90, 0h
13, 5, 5
41535, 17959, 91, 0h
41537, 19035, 90, 0h
42614, 17958, 92, 0h
42611, 19033, 95, 0h
13, 6, 5
41533, 20607, 86, 0h
41534, 21684, 88, 0h
42609, 20610, 90, 0h
42609, 21685, 91, 0h
13, 7, 5
41535, 23260, 91, 0h
41539, 24340, 93, 0h
42615, 23265, 92, 0h
42613, 24339, 93, 0h
13, 8, 5
41537, 25914, 90, 0h
41537, 26984, 90, 0h
42616, 25913, 92, 0h
42615, 26986, 83, 0h
13, 9, 5
41535, 28562, 89, 0h
41536, 29640, 91, 0h
42617, 28561, 93, 0h
42611, 29639, 88, 0h
13, 10, 5
41538, 31223, 91, 0h
41538, 32297, 90, 0h
42618, 31220, 94, 0h
42616, 32296, 90, 0h
13, 11, 5
41539, 33870, 90, 0h
41539, 34948, 90, 0h
42616, 33873, 92, 0h
42618, 34945, 88, 0h
13, 12, 5
41545, 36521, 91, 0h
41543, 37599, 86, 0h
42623, 36523, 93, 0h
42619, 37597, 91, 0h
13, 13, 5
41550, 39174, 91, 0h
41543, 40253, 90, 0h
42625, 39180, 92, 0h
42621, 40255, 91, 0h
13, 14, 5
41544, 41830, 89, 0h
41545, 42908, 88, 0h
42623, 41834, 92, 0h
42621, 42907, 90, 0h
13, 15, 5
41548, 44490, 88, 0h
41550, 45565, 88, 0h
42625, 44492, 92, 0h
42624, 45567, 91, 0h
13, 16, 5
41550, 47141, 90, 0h
41550, 48218, 90, 0h
42628, 47139, 93, 0h
42627, 48215, 90, 0h
13, 17, 5
41548, 49796, 95, 0h
41548, 50871, 91, 0h
42625, 49794, 92, 0h
42627, 50867, 90, 0h
13, 18, 5
41553, 52444, 91, 0h
41550, 53524, 91, 0h
42631, 52446, 92, 0h
42633, 53521, 92, 0h
13, 19, 5
41555, 55098, 91, 0h
41557, 56177, 91, 0h
42634, 55103, 93, 0h
42634, 56176, 92, 0h
13, 20, 5
41560, 57750, 91, 0h
41557, 58830, 92, 0h
42635, 57755, 91, 0h
42633, 58830, 87, 0h
13, 21, 5
41556, 60410, 96, 0h
41555, 61487, 90, 0h
42639, 60409, 92, 0h
42640, 61486, 91, 0h
13, 22, 5
41559, 63062, 91, 0h
41556, 64141, 91, 0h
42635, 63063, 93, 0h
42637, 64138, 91, 0h
13, 23, 5
41558, 65718, 92, 0h
41557, 66788, 91, 0h
42633, 65715, 93, 0h
42635, 66786, 92, 0h
13, 24, 5
41560, 68368, 90, 0h
41561, 69444, 91, 0h
42634, 68368, 91, 0h
42636, 69441, 90, 0h
13, 25, 5
41568, 71021, 91, 0h
41565, 72098, 89, 0h
42642, 71019, 92, 0h
42642, 72093, 93, 0h
13, 26, 5
41568, 73672, 95, 0h
41564, 74746, 89, 0h
42642, 73672, 92, 0h
42641, 74747, 89, 0h
13, 27, 5
41568, 76322, 92, 0h
41571, 77398, 89, 0h
42642, 76321, 91, 0h
42650, 77394, 91, 0h
13, 28, 5
41563, 78970, 90, 0h
41566, 80051, 97, 0h
42641, 78973, 90, 0h
42644, 80050, 92, 0h
13, 29, 5
41569, 81627, 89, 0h
41569, 82703, 90, 0h
42650, 81623, 90, 0h
42648, 82696, 91, 0h
13, 30, 5
41568, 84275, 92, 0h
41570, 85350, 91, 0h
42651, 84272, 92, 0h
42645, 85346, 92, 0h
13, 31, 5
41569, 86922, 91, 0h
41570, 87999, 91, 0h
42648, 86924, 93, 0h
42647, 87999, 90, 0h
14, 0, 5
45046, 4711, 89, 0h
45041, 5793, 89, 0h
46123, 4713, 89, 0h
46121, 5790, 89, 0h
14, 1, 5
45043, 7364, 92, 0h
45041, 8439, 92, 0h
46122, 7364, 91, 0h
46121, 8438, 89, 0h
14, 2, 5
45040, 10011, 88, 0h
45041, 11088, 90, 0h
46115, 10016, 90, 0h
46117, 11089, 91, 0h
14, 3, 5
45042, 12661, 89, 0h
45046, 13738, 92, 0h
46115, 12660, 88, 0h
46121, 13740, 90, 0h
14, 4, 5
45047, 15311, 88, 0h
45044, 16388, 91, 0h
46122, 15315, 90, 0h
46121, 16390, 88, 0h
14, 5, 5
45047, 17963, 87, 0h
45045, 19040, 92, 0h
46122, 17967, 92, 0h
46121, 19041, 91, 0h
14, 6, 23
45048, 20617, 91, 0h
45044, 21692, 90, 0h
46126, 20616, 92, 0h
46125, 21691, 86, 0h
14, 7, 5
45049, 23269, 89, 0h
45050, 24342, 91, 0h
46125, 23272, 88, 0h
46126, 24345, 90, 0h
14, 8, 5
45047, 25924, 91, 0h
45051, 26992, 91, 0h
46127, 25927, 91, 0h
46128, 26994, 89, 0h
14, 9, 5
45051, 28566, 92, 0h
45051, 29641, 93, 0h
46128, 28566, 91, 0h
46128, 29640, 91, 0h
14, 10, 5
45056, 31220, 93, 0h
45054, 32298, 88, 0h
46134, 31221, 90, 0h
46128, 32298, 89, 0h
14, 11, 5
45057, 33877, 90, 0h
45056, 34953, 95, 0h
46134, 33875, 91, 0h
46133, 34951, 90, 0h
14, 12, 5
45057, 36524, 91, 0h
45059, 37601, 90, 0h
46135, 36528, 90, 0h
46135, 37600, 87, 0h
14, 13, 5
45059, 39179, 92, 0h
45059, 40263, 89, 0h
46135, 39183, 90, 0h
46132, 40261, 88, 0h
14, 14, 5
45057, 41836, 89, 0h
45060, 42913, 88, 0h
46138, 41837, 92, 0h
46132, 42910, 88, 0h
14, 15, 5
45064, 44491, 91, 0h
45062, 45570, 91, 0h
46136, 44490, 89, 0h
46137, 45566, 90, 0h
14, 16, 5
45062, 47147, 92, 0h
45064, 48223, 92, 0h
46141, 47144, 92, 0h
46139, 48218, 91, 0h
14, 17, 5
45061, 49796, 92, 0h
45067, 50873, 95, 0h
46140, 49797, 92, 0h
46142, 50871, 92, 0h
14, 18, 5
45059, 52451, 90, 0h
45066, 53527, 89, 0h
46139, 52451, 93, 0h
46150, 53524, 91, 0h
14, 19, 5
45071, 55105, 87, 0h
45068, 56182, 91, 0h
46150, 55107, 91, 0h
46149, 56183, 89, 0h
14, 20, 5
45070, 57760, 93, 0h
45067, 58834, 91, 0h
46148, 57760, 94, 0h
46147, 58834, 90, 0h
14, 21, 5
45070, 60413, 90, 0h
45069, 61490, 93, 0h
46149, 60415, 93, 0h
46145, 61489, 90, 0h
14, 22, 5
45072, 63061, 96, 0h
45074, 64136, 90, 0h
46151, 63062, 91, 0h
46148, 64140, 89, 0h
14, 23, 5
45073, 65718, 91, 0h
45074, 66790, 92, 0h
46149, 65717, 91, 0h
46149, 66793, 91, 0h
14, 24, 5
45078, 68366, 92, 0h
45076, 69445, 87, 0h
46150, 68366, 89, 0h
46150, 69444, 91, 0h
14, 25, 5
45076, 71019, 91, 0h
45078, 72098, 91, 0h
46152, 71021, 92, 0h
46152, 72097, 87, 0h
14, 26, 5
45075, 73674, 91, 0h
45076, 74748, 92, 0h
46155, 73670, 90, 0h
46157, 74747, 93, 0h
14, 27, 5
45076, 76321, 90, 0h
45080, 77397, 91, 0h
46156, 76326, 92, 0h
46156, 77398, 91, 0h
14, 28, 23
45080, 78971, 93, 0h
45085, 80048, 88, 0h
46153, 78971, 91, 0h
46161, 80044, 89, 0h
14, 29, 5
45085, 81624, 89, 0h
45084, 82699, 93, 0h
46163, 81625, 89, 0h
46159, 82697, 91, 0h
14, 30, 5
45082, 84273, 91, 0h
45083, 85347, 89, 0h
46162, 84277, 91, 0h
46161, 85347, 91, 0h
14, 31, 5
45084, 86924, 91, 0h
45083, 87999, 93, 0h
46161, 86922, 90, 0h
46162, 87998, 92, 0h
15, 0, 5
48554, 4708, 89, 0h
48549, 5786, 90, 0h
49630, 4708, 90, 0h
49627, 5787, 92, 0h
15, 1, 5
48550, 7359, 90, 0h
48548, 8435, 90, 0h
49626, 7365, 90, 0h
49626, 8436, 87, 0h
15, 2, 2
48550, 10011, 87, 0h
48548, 11088, 89, 0h
49626, 10016, 60, 168h
49626, 11089, 88, 0h
15, 3, 5
48549, 12659, 90, 0h
48556, 13737, 92, 0h
49622, 12660, 90, 0h
49632, 13739, 91, 0h
15, 4, 5
48555, 15307, 90, 0h
48550, 16383, 88, 0h
49628, 15313, 92, 0h
49627, 16385, 89, 0h
15, 5, 5
48556, 17958, 87, 0h
48553, 19034, 90, 0h
49632, 17958, 89, 0h
49629, 19032, 90, 0h
15, 6, 5
48555, 20611, 89, 0h
48555, 21685, 89, 0h
49634, 20611, 94, 0h
49630, 21685, 90, 0h
15, 7, 5
48561, 23261, 92, 0h
48562, 24333, 89, 0h
49632, 23264, 93, 0h
49634, 24338, 96, 0h
15, 8, 5
48559, 25911, 91, 0h
48560, 26985, 87, 0h
49635, 25912, 88, 0h
49635, 26983, 91, 0h
15, 9, 5
48557, 28562, 90, 0h
48557, 29635, 90, 0h
49635, 28561, 93, 0h
49635, 29638, 88, 0h
15, 10, 5
48563, 31220, 89, 0h
48562, 32295, 89, 0h
49641, 31217, 91, 0h
49635, 32295, 88, 0h
15, 11, 5
48564, 33869, 90, 0h
48564, 34947, 89, 0h
49639, 33870, 91, 0h
49639, 34949, 91, 0h
15, 12, 2
48564, 36524, 89, 0h
48564, 37601, 90, 0h
49639, 36528, 62, 168h
49639, 37600, 90, 0h
15, 13, 5
48564, 39173, 89, 0h
48566, 40255, 91, 0h
49639, 39177, 90, 0h
49640, 40254, 88, 0h
15, 14, 5
48563, 41833, 90, 0h
48566, 42904, 92, 0h
49644, 41832, 94, 0h
49640, 42904, 91, 0h
15, 15, 5
48571, 44488, 89, 0h
48571, 45567, 87, 0h
49649, 44488, 91, 0h
49646, 45564, 89, 0h
15, 16, 5
48573, 47136, 90, 0h
48574, 48210, 90, 0h
49649, 47136, 92, 0h
49649, 48212, 91, 0h
15, 17, 5
48571, 49793, 90, 0h
48575, 50867, 91, 0h
49650, 49792, 91, 0h
49647, 50865, 90, 0h
15, 18, 5
48573, 52445, 89, 0h
48573, 53515, 86, 0h
49649, 52448, 93, 0h
49655, 53519, 91, 0h
15, 19, 5
48581, 55098, 93, 0h
48579, 56175, 92, 0h
49654, 55098, 93, 0h
49657, 56173, 88, 0h
15, 20, 5
48579, 57752, 90, 0h
48579, 58828, 88, 0h
49657, 57754, 92, 0h
49655, 58831, 91, 0h
15, 21, 5
48580, 60405, 91, 0h
48578, 61480, 90, 0h
49656, 60405, 91, 0h
49656, 61476, 91, 0h
15, 22, 5
48581, 63056, 89, 0h
48579, 64131, 90, 0h
49658, 63057, 93, 0h
49654, 64133, 91, 0h
15, 23, 5
48582, 65711, 92, 0h
48582, 66787, 89, 0h
49655, 65710, 92, 0h
49656, 66786, 93, 0h
15, 24, 5
48583, 68364, 91, 0h
48583, 69439, 91, 0h
49655, 68361, 91, 0h
49655, 69437, 92, 0h
15, 25, 5
48590, 71013, 90, 0h
48586, 72091, 90, 0h
49663, 71013, 90, 0h
49663, 72087, 91, 0h
15, 26, 5
48585, 73666, 90, 0h
48587, 74739, 88, 0h
49665, 73664, 92, 0h
49663, 74742, 91, 0h
15, 27, 5
48590, 76315, 92, 0h
48592, 77390, 92, 0h
49669, 76317, 91, 0h
49669, 77390, 92, 0h
15, 28, 5
48594, 78968, 92, 0h
48588, 80046, 88, 0h
49668, 78964, 92, 0h
49666, 80045, 92, 0h
15, 29, 5
48595, 81615, 94, 0h
48594, 82690, 93, 0h
49669, 81619, 91, 0h
49670, 82690, 92, 0h
15, 30, 5
48596, 84269, 88, 0h
48593, 85342, 90, 0h
49673, 84268, 92, 0h
49669, 85339, 90, 0h
15, 31, 5
48592, 86917, 92, 0h
48596, 87995, 92, 0h
49671, 86917, 89, 0h
49672, 87992, 91, 0h
16, 0, 5
52064, 4713, 91, 0h
52062, 5788, 91, 0h
53138, 4713, 92, 0h
53140, 5790, 87, 0h
16, 1, 5
52066, 7364, 92, 0h
52059, 8440, 92, 0h
53142, 7365, 90, 0h
53136, 8438, 90, 0h
16, 2, 5
52062, 10012, 92, 0h
52062, 11089, 95, 0h
53138, 10012, 90, 0h
53137, 11086, 91, 0h
16, 3, 5
52060, 12662, 90, 0h
52062, 13738, 90, 0h
53139, 12660, 91, 0h
53142, 13737, 91, 0h
16, 4, 5
52062, 15312, 91, 0h
52065, 16389, 90, 0h
53138, 15315, 89, 0h
53140, 16385, 90, 0h
16, 5, 5
52061, 17961, 88, 0h
52060, 19037, 88, 0h
53138, 17965, 87, 0h
53139, 19038, 92, 0h
16, 6, 5
52063, 20610, 89, 0h
52066, 21688, 90, 0h
53143, 20611, 87, 0h
53141, 21682, 89, 0h
16, 7, 5
52076, 23265, 89, 0h
52075, 24337, 91, 0h
53146, 23268, 89, 0h
53144, 24339, 90, 0h
16, 8, 5
52071, 25915, 91, 0h
52068, 26989, 91, 0h
53152, 25921, 90, 0h
53147, 26990, 91, 0h
16, 9, 5
52070, 28562, 90, 0h
52073, 29636, 91, 0h
53148, 28560, 92, 0h
53149, 29637, 92, 0h
16, 10, 5
52076, 31218, 94, 0h
52076, 32294, 91, 0h
53154, 31219, 91, 0h
53152, 32293, 92, 0h
16, 11, 5
52078, 33870, 89, 0h
52075, 34948, 92, 0h
53153, 33873, 89, 0h
53154, 34947, 89, 0h
16, 12, 5
52081, 36519, 88, 0h
52081, 37594, 91, 0h
53158, 36522, 92, 0h
53158, 37595, 87, 0h
16, 13, 5
52079, 39170, 90, 0h
52081, 40253, 91, 0h
53157, 39173, 90, 0h
53159, 40253, 89, 0h
16, 14, 5
52082, 41830, 87, 0h
52085, 42910, 90, 0h
53161, 41832, 90, 0h
53160, 42908, 87, 0h
16, 15, 5
52081, 44481, 88, 0h
52085, 45561, 88, 0h
53161, 44486, 91, 0h
53161, 45564, 89, 0h
16, 16, 5
52087, 47140, 91, 0h
52085, 48216, 88, 0h
53164, 47141, 92, 0h
53162, 48215, 89, 0h
16, 17, 5
52084, 49795, 88, 0h
52088, 50867, 91, 0h
53163, 49795, 91, 0h
53162, 50870, 90, 0h
16, 18, 5
52083, 52445, 89, 0h
52091, 53521, 90, 0h
53163, 52448, 94, 0h
53167, 53521, 88, 0h
16, 19, 5
52094, 55098, 92, 0h
52092, 56176, 95, 0h
53165, 55099, 89, 0h
53166, 56175, 91, 0h
16, 20, 5
52095, 57751, 92, 0h
52094, 58829, 90, 0h
53173, 57751, 91, 0h
53169, 58827, 89, 0h
16, 21, 5
52095, 60406, 91, 0h
52096, 61483, 90, 0h
53168, 60409, 91, 0h
53170, 61488, 89, 0h
16, 22, 5
52091, 63058, 95, 0h
52091, 64134, 87, 0h
53166, 63057, 91, 0h
53170, 64129, 91, 0h
16, 23, 23
52091, 65709, 89, 0h
52087, 66786, 94, 0h
53170, 65707, 92, 0h
53166, 66785, 92, 0h
16, 24, 5
52098, 68361, 92, 0h
52096, 69439, 93, 0h
53173, 68362, 91, 0h
53172, 69435, 91, 0h
16, 25, 5
52095, 71010, 92, 0h
52096, 72089, 90, 0h
53175, 71015, 92, 0h
53175, 72090, 91, 0h
16, 26, 5
52102, 73666, 92, 0h
52096, 74743, 87, 0h
53175, 73666, 88, 0h
53178, 74741, 91, 0h
16, 27, 5
52105, 76316, 91, 0h
52106, 77390, 92, 0h
53182, 76316, 88, 0h
53179, 77390, 88, 0h
16, 28, 5
52102, 78967, 92, 0h
52108, 80043, 89, 0h
53181, 78965, 91, 0h
53189, 80041, 89, 0h
16, 29, 23
52106, 81619, 90, 0h
52106, 82691, 89, 0h
53183, 81623, 91, 0h
53183, 82694, 91, 0h
16, 30, 5
52104, 84267, 91, 0h
52104, 85339, 87, 0h
53181, 84270, 92, 0h
53186, 85340, 92, 0h
16, 31, 5
52108, 86919, 90, 0h
52106, 87992, 91, 0h
53187, 86919, 91, 0h
53187, 87992, 97, 0h
17, 0, 5
55571, 4706, 89, 0h
55571, 5781, 89, 0h
56646, 4706, 91, 0h
56642, 5783, 88, 0h
17, 1, 2
55571, 7364, 60, 168h
55571, 8440, 0, 64h
56646, 7365, 0, 64h
56642, 8438, 0, 64h
17, 2, 2
55570, 10012, 90, 0h
55569, 11089, 91, 0h
56646, 10012, 96, 0h
56646, 11086, 0, 64h
17, 3, 5
55567, 12656, 88, 0h
55570, 13733, 92, 0h
56641, 12658, 90, 0h
56646, 13727, 91, 0h
17, 4, 5
55570, 15306, 91, 0h
55570, 16381, 86, 0h
56645, 15306, 90, 0h
56644, 16381, 87, 0h
17, 5, 5
55569, 17952, 92, 0h
55569, 19028, 91, 0h
56647, 17954, 91, 0h
56644, 19028, 91, 0h
17, 6, 5
55570, 20604, 91, 0h
55573, 21679, 89, 0h
56647, 20604, 92, 0h
56644, 21678, 92, 0h
17, 7, 5
55577, 23261, 87, 0h
55578, 24335, 91, 0h
56650, 23262, 90, 0h
56648, 24334, 92, 0h
17, 8, 5
55579, 25908, 91, 0h
55573, 26982, 88, 0h
56652, 25911, 89, 0h
56651, 26980, 94, 0h
17, 9, 5
55577, 28557, 89, 0h
55579, 29632, 91, 0h
56651, 28556, 90, 0h
56653, 29633, 92, 0h
17, 10, 23
55583, 31213, 92, 0h
55583, 32290, 90, 0h
56660, 31211, 91, 0h
56656, 32288, 90, 0h
17, 11, 5
55584, 33864, 82, 0h
55584, 34942, 90, 0h
56659, 33869, 92, 0h
56659, 34943, 93, 0h
17, 12, 5
55583, 36514, 88, 0h
55587, 37593, 88, 0h
56660, 36516, 90, 0h
56660, 37589, 90, 0h
17, 13, 5
55585, 39167, 92, 0h
55590, 40251, 88, 0h
56660, 39171, 91, 0h
56665, 40249, 88, 0h
17, 14, 5
55589, 41825, 91, 0h
55587, 42903, 90, 0h
56666, 41826, 91, 0h
56665, 42902, 89, 0h
17, 15, 5
55588, 44480, 91, 0h
55589, 45558, 91, 0h
56667, 44482, 88, 0h
56667, 45559, 90, 0h
17, 16, 5
55591, 47133, 90, 0h
55592, 48209, 89, 0h
56669, 47135, 92, 0h
56666, 48210, 92, 0h
17, 17, 5
55589, 49786, 87, 0h
55593, 50860, 90, 0h
56670, 49787, 93, 0h
56666, 50863, 91, 0h
17, 18, 5
55589, 52441, 91, 0h
55595, 53513, 88, 0h
56668, 52443, 92, 0h
56669, 53516, 90, 0h
17, 19, 5
55601, 55090, 90, 0h
55598, 56167, 90, 0h
56672, 55093, 92, 0h
56670, 56165, 91, 0h
17, 20, 5
55601, 57748, 91, 0h
55599, 58826, 91, 0h
56678, 57749, 94, 0h
56675, 58824, 93, 0h
17, 21, 5
55606, 60396, 94, 0h
55605, 61472, 95, 0h
56676, 60399, 92, 0h
56676, 61473, 92, 0h
17, 22, 5
55597, 63050, 98, 0h
55600, 64126, 95, 0h
56675, 63052, 91, 0h
56672, 64124, 92, 0h
17, 23, 5
55600, 65703, 91, 0h
55598, 66777, 91, 0h
56672, 65705, 92, 0h
56673, 66780, 92, 0h
17, 24, 5
55604, 68355, 91, 0h
55604, 69430, 90, 0h
56677, 68353, 94, 0h
56677, 69425, 91, 0h
17, 25, 23
55605, 71003, 92, 0h
55607, 72082, 91, 0h
56684, 71007, 92, 0h
56683, 72083, 92, 0h
17, 26, 5
55608, 73657, 95, 0h
55605, 74734, 94, 0h
56681, 73660, 91, 0h
56682, 74734, 90, 0h
17, 27, 5
55610, 76308, 90, 0h
55611, 77381, 91, 0h
56687, 76309, 94, 0h
56686, 77382, 91, 0h
17, 28, 5
55611, 78959, 88, 0h
55607, 80038, 92, 0h
56689, 78956, 92, 0h
56685, 80040, 91, 0h
17, 29, 23
55615, 81611, 91, 0h
55615, 82683, 91, 0h
56690, 81614, 92, 0h
56691, 82686, 92, 0h
17, 30, 5
55614, 84263, 92, 0h
55614, 85335, 88, 0h
56695, 84260, 94, 0h
56695, 85333, 92, 0h
17, 31, 5
55617, 86912, 93, 0h
55615, 87986, 93, 0h
56692, 86911, 92, 0h
56695, 87986, 93, 0h
18, 0, 5
59074, 4711, 93, 0h
59077, 5788, 91, 0h
60154, 4710, 89, 0h
60155, 5786, 90, 0h
18, 1, 5
59077, 7360, 89, 0h
59075, 8432, 91, 0h
60153, 7362, 92, 0h
60154, 8435, 91, 0h
18, 2, 5
59077, 10012, 88, 0h
59076, 11083, 89, 0h
60154, 10010, 88, 0h
60154, 11083, 89, 0h
18, 3, 5
59078, 12657, 91, 0h
59077, 13734, 92, 0h
60153, 12656, 93, 0h
60159, 13733, 91, 0h
18, 4, 5
59080, 15308, 90, 0h
59081, 16383, 90, 0h
60158, 15309, 90, 0h
60154, 16382, 90, 0h
18, 5, 5
59080, 17954, 89, 0h
59080, 19031, 91, 0h
60156, 17957, 90, 0h
60156, 19030, 91, 0h
18, 6, 5
59083, 20605, 91, 0h
59080, 21683, 90, 0h
60157, 20610, 90, 0h
60159, 21681, 87, 0h
18, 7, 23
59083, 23261, 90, 0h
59087, 24338, 94, 0h
60161, 23264, 91, 0h
60162, 24337, 92, 0h
18, 8, 5
59086, 25909, 92, 0h
59085, 26982, 90, 0h
60162, 25912, 91, 0h
60162, 26980, 90, 0h
18, 9, 5
59090, 28561, 88, 0h
59089, 29635, 91, 0h
60167, 28562, 91, 0h
60166, 29634, 90, 0h
18, 10, 5
59087, 31211, 91, 0h
59087, 32291, 91, 0h
60165, 31215, 90, 0h
60167, 32290, 90, 0h
18, 11, 5
59089, 33865, 91, 0h
59089, 34947, 93, 0h
60166, 33867, 91, 0h
60168, 34943, 92, 0h
18, 12, 5
59093, 36518, 88, 0h
59098, 37595, 90, 0h
60176, 36518, 90, 0h
60173, 37593, 87, 0h
18, 13, 5
59098, 39173, 90, 0h
59094, 40248, 89, 0h
60174, 39171, 91, 0h
60172, 40251, 90, 0h
18, 14, 5
59097, 41828, 91, 0h
59101, 42902, 89, 0h
60174, 41829, 91, 0h
60174, 42900, 90, 0h
18, 15, 5
59097, 44475, 88, 0h
59101, 45556, 92, 0h
60177, 44479, 87, 0h
60177, 45554, 91, 0h
18, 16, 5
59101, 47132, 90, 0h
59102, 48212, 93, 0h
60180, 47134, 92, 0h
60178, 48208, 90, 0h
18, 17, 5
59103, 49786, 92, 0h
59103, 50863, 91, 0h
60177, 49786, 91, 0h
60180, 50861, 91, 0h
18, 18, 5
59100, 52441, 90, 0h
59109, 53511, 90, 0h
60183, 52442, 91, 0h
60185, 53515, 89, 0h
18, 19, 5
59115, 55094, 90, 0h
59112, 56168, 92, 0h
60191, 55092, 92, 0h
60187, 56172, 92, 0h
18, 20, 5
59114, 57749, 93, 0h
59113, 58828, 87, 0h
60185, 57743, 92, 0h
60187, 58823, 89, 0h
18, 21, 5
59110, 60401, 91, 0h
59111, 61481, 92, 0h
60187, 60404, 91, 0h
60188, 61478, 92, 0h
18, 22, 5
59112, 63047, 91, 0h
59111, 64125, 90, 0h
60186, 63052, 90, 0h
60186, 64124, 91, 0h
18, 23, 5
59111, 65702, 91, 0h
59113, 66775, 91, 0h
60187, 65702, 92, 0h
60189, 66775, 90, 0h
18, 24, 5
59113, 68358, 91, 0h
59113, 69429, 92, 0h
60189, 68355, 93, 0h
60191, 69431, 90, 0h
18, 25, 5
59117, 71004, 93, 0h
59116, 72086, 96, 0h
60193, 71007, 92, 0h
60192, 72082, 91, 0h
18, 26, 5
59118, 73660, 94, 0h
59120, 74732, 85, 0h
60197, 73662, 91, 0h
60198, 74732, 91, 0h
18, 27, 23
59125, 76311, 93, 0h
59129, 77386, 95, 0h
60197, 76307, 88, 0h
60197, 77381, 92, 0h
18, 28, 5
59125, 78960, 91, 0h
59126, 80037, 91, 0h
60203, 78961, 92, 0h
60203, 80035, 90, 0h
18, 29, 5
59124, 81614, 92, 0h
59124, 82688, 94, 0h
60204, 81614, 91, 0h
60201, 82687, 92, 0h
18, 30, 5
59126, 84259, 94, 0h
59126, 85334, 94, 0h
60206, 84265, 91, 0h
60206, 85335, 91, 0h
18, 31, 5
59129, 86911, 90, 0h
59130, 87990, 90, 0h
60209, 86912, 89, 0h
60209, 87987, 92, 0h
19, 0, 5
62580, 4702, 91, 0h
62581, 5775, 88, 0h
63658, 4702, 95, 0h
63655, 5776, 89, 0h
19, 1, 23
62581, 7353, 90, 0h
62582, 8426, 88, 0h
63656, 7356, 91, 0h
63656, 8430, 91, 0h
19, 2, 5
62579, 10003, 90, 0h
62578, 11076, 89, 0h
63657, 10000, 92, 0h
63657, 11077, 91, 0h
19, 3, 5
62585, 12651, 89, 0h
62584, 13733, 92, 0h
63656, 12657, 91, 0h
63661, 13728, 91, 0h
19, 4, 5
62584, 15301, 91, 0h
62587, 16377, 91, 0h
63659, 15301, 94, 0h
63656, 16376, 90, 0h
19, 5, 5
62586, 17948, 88, 0h
62583, 19025, 88, 0h
63660, 17949, 92, 0h
63662, 19023, 91, 0h
19, 6, 5
62586, 20598, 91, 0h
62586, 21675, 92, 0h
63660, 20600, 92, 0h
63661, 21677, 91, 0h
19, 7, 5
62590, 23254, 89, 0h
62588, 24333, 91, 0h
63665, 23258, 91, 0h
63662, 24330, 91, 0h
19, 8, 5
62588, 25904, 89, 0h
62592, 26975, 88, 0h
63664, 25908, 93, 0h
63667, 26973, 90, 0h
19, 9, 5
62591, 28551, 90, 0h
62592, 29628, 91, 0h
63669, 28553, 91, 0h
63666, 29628, 91, 0h
19, 10, 5
62594, 31207, 91, 0h
62592, 32286, 95, 0h
63670, 31209, 92, 0h
63668, 32283, 91, 0h
19, 11, 5
62592, 33861, 91, 0h
62595, 34939, 91, 0h
63670, 33863, 91, 0h
63668, 34936, 89, 0h
19, 12, 5
62599, 36513, 92, 0h
62597, 37590, 91, 0h
63678, 36512, 91, 0h
63673, 37588, 89, 0h
19, 13, 23
62600, 39161, 90, 0h
62601, 40241, 91, 0h
63671, 39162, 92, 0h
63676, 40241, 92, 0h
19, 14, 5
62599, 41819, 89, 0h
62603, 42895, 88, 0h
63677, 41821, 92, 0h
63676, 42894, 90, 0h
19, 15, 5
62602, 44468, 90, 0h
62604, 45546, 90, 0h
63683, 44474, 89, 0h
63680, 45548, 91, 0h
19, 16, 5
62603, 47125, 92, 0h
62605, 48201, 91, 0h
63682, 47125, 94, 0h
63680, 48202, 92, 0h
19, 17, 5
62607, 49783, 92, 0h
62607, 50857, 90, 0h
63682, 49778, 87, 0h
63681, 50853, 90, 0h
19, 18, 5
62607, 52433, 87, 0h
62613, 53506, 90, 0h
63685, 52433, 92, 0h
63687, 53509, 90, 0h
19, 19, 5
62616, 55089, 93, 0h
62613, 56164, 90, 0h
63690, 55085, 95, 0h
63687, 56163, 92, 0h
19, 20, 5
62617, 57741, 92, 0h
62617, 58818, 89, 0h
63690, 57736, 96, 0h
63690, 58814, 92, 0h
19, 21, 5
62616, 60390, 91, 0h
62616, 61467, 89, 0h
63690, 60392, 90, 0h
63692, 61468, 89, 0h
19, 22, 5
62616, 63040, 89, 0h
62617, 64118, 92, 0h
63690, 63043, 91, 0h
63690, 64118, 90, 0h
19, 23, 23
62615, 65696, 89, 0h
62622, 66773, 89, 0h
63689, 65698, 93, 0h
63695, 66774, 89, 0h
19, 24, 5
62621, 68348, 92, 0h
62621, 69420, 89, 0h
63696, 68348, 93, 0h
63694, 69421, 91, 0h
19, 25, 5
62626, 71002, 92, 0h
62623, 72082, 91, 0h
63703, 71006, 91, 0h
63702, 72079, 92, 0h
19, 26, 5
62624, 73651, 93, 0h
62625, 74724, 86, 0h
63704, 73652, 90, 0h
63703, 74724, 89, 0h
19, 27, 5
62630, 76304, 89, 0h
62634, 77378, 93, 0h
63705, 76304, 92, 0h
63706, 77376, 91, 0h
19, 28, 5
62635, 78951, 90, 0h
62632, 80034, 91, 0h
63707, 78953, 92, 0h
63706, 80030, 91, 0h
19, 29, 23
62636, 81607, 93, 0h
62638, 82681, 93, 0h
63715, 81606, 90, 0h
63712, 82678, 91, 0h
19, 30, 5
62637, 84257, 91, 0h
62636, 85328, 91, 0h
63715, 84254, 93, 0h
63712, 85328, 91, 0h
19, 31, 5
62635, 86907, 91, 0h
62638, 87983, 89, 0h
63718, 86904, 91, 0h
63717, 87983, 92, 0h
20, 0, 5
66092, 4701, 93, 0h
66091, 5781, 88, 0h
67168, 4702, 92, 0h
67167, 5779, 89, 0h
20, 1, 5
66092, 7355, 88, 0h
66092, 8431, 91, 0h
67169, 7352, 92, 0h
67169, 8430, 89, 0h
20, 2, 5
66093, 10007, 94, 0h
66093, 11079, 91, 0h
67167, 10007, 92, 0h
67167, 11078, 92, 0h
20, 3, 5
66095, 12655, 92, 0h
66093, 13730, 91, 0h
67174, 12651, 92, 0h
67169, 13730, 91, 0h
20, 4, 5
66095, 15305, 90, 0h
66093, 16378, 90, 0h
67174, 15304, 92, 0h
67169, 16379, 90, 0h
20, 5, 5
66097, 17952, 88, 0h
66097, 19032, 90, 0h
67173, 17957, 92, 0h
67173, 19032, 90, 0h
20, 6, 5
66100, 20604, 91, 0h
66097, 21681, 89, 0h
67174, 20605, 91, 0h
67175, 21677, 90, 0h
20, 7, 5
66100, 23257, 92, 0h
66102, 24332, 94, 0h
67174, 23261, 92, 0h
67177, 24335, 87, 0h
20, 8, 5
66101, 25910, 89, 0h
66101, 26982, 90, 0h
67178, 25911, 90, 0h
67175, 26981, 90, 0h
20, 9, 5
66105, 28553, 92, 0h
66104, 29630, 86, 0h
67178, 28557, 91, 0h
67181, 29630, 91, 0h
20, 10, 5
66104, 31211, 96, 0h
66106, 32288, 88, 0h
67179, 31214, 91, 0h
67184, 32289, 91, 0h
20, 11, 5
66106, 33864, 90, 0h
66107, 34943, 92, 0h
67181, 33865, 89, 0h
67181, 34943, 90, 0h
20, 12, 5
66110, 36514, 93, 0h
66109, 37592, 91, 0h
67186, 36517, 90, 0h
67187, 37587, 89, 0h
20, 13, 5
66110, 39167, 89, 0h
66110, 40251, 90, 0h
67187, 39168, 93, 0h
67186, 40250, 89, 0h
20, 14, 5
66114, 41823, 92, 0h
66117, 42899, 90, 0h
67190, 41825, 93, 0h
67191, 42896, 86, 0h
20, 15, 5
66113, 44474, 88, 0h
66115, 45552, 92, 0h
67192, 44474, 91, 0h
67192, 45551, 91, 0h
20, 16, 5
66121, 47131, 89, 0h
66117, 48205, 91, 0h
67194, 47127, 89, 0h
67195, 48200, 89, 0h
20, 17, 23
66122, 49783, 92, 0h
66121, 50857, 92, 0h
67198, 49784, 91, 0h
67197, 50857, 93, 0h
20, 18, 5
66126, 52435, 92, 0h
66123, 53504, 88, 0h
67203, 52433, 91, 0h
67196, 53505, 92, 0h
20, 19, 5
66122, 55087, 89, 0h
66128, 56164, 92, 0h
67199, 55088, 92, 0h
67198, 56161, 92, 0h
20, 20, 5
66128, 57736, 92, 0h
66126, 58814, 93, 0h
67205, 57740, 90, 0h
67204, 58816, 90, 0h
20, 21, 5
66127, 60395, 90, 0h
66131, 61470, 91, 0h
67207, 60393, 91, 0h
67206, 61467, 91, 0h
20, 22, 5
66129, 63041, 91, 0h
66129, 64119, 90, 0h
67208, 63043, 91, 0h
67208, 64116, 90, 0h
20, 23, 5
66131, 65696, 91, 0h
66129, 66768, 91, 0h
67205, 65693, 92, 0h
67205, 66763, 90, 0h
20, 24, 5
66135, 68346, 91, 0h
66135, 69423, 91, 0h
67210, 68347, 92, 0h
67209, 69425, 91, 0h
20, 25, 5
66136, 70999, 91, 0h
66138, 72077, 92, 0h
67216, 70998, 91, 0h
67216, 72074, 94, 0h
20, 26, 5
66142, 73655, 89, 0h
66140, 74730, 91, 0h
67221, 73653, 89, 0h
67219, 74728, 87, 0h
20, 27, 5
66141, 76304, 92, 0h
66149, 77376, 91, 0h
67219, 76303, 92, 0h
67223, 77378, 91, 0h
20, 28, 5
66149, 78952, 93, 0h
66147, 80023, 90, 0h
67224, 78950, 91, 0h
67220, 80021, 90, 0h
20, 29, 5
66147, 81605, 89, 0h
66146, 82679, 91, 0h
67225, 81606, 92, 0h
67224, 82681, 90, 0h
20, 30, 23
66151, 84255, 92, 0h
66150, 85327, 92, 0h
67228, 84255, 92, 0h
67226, 85329, 89, 0h
20, 31, 23
66155, 86903, 92, 0h
66151, 87984, 88, 0h
67230, 86907, 90, 0h
67231, 87984, 95, 0h
21, 0, 2
69596, 4701, 92, 0h
69599, 5781, 88, 0h
70672, 4702, 65, 168h
70668, 5779, 90, 0h
21, 1, 5
69596, 7345, 90, 0h
69599, 8421, 90, 0h
70672, 7345, 91, 0h
70668, 8423, 89, 0h
21, 2, 5
69596, 9997, 92, 0h
69594, 11070, 87, 0h
70670, 9998, 91, 0h
70667, 11072, 92, 0h
21, 3, 5
69594, 12647, 92, 0h
69597, 13725, 91, 0h
70666, 12649, 93, 0h
70671, 13725, 90, 0h
21, 4, 5
69596, 15297, 90, 0h
69595, 16372, 92, 0h
70675, 15299, 89, 0h
70669, 16372, 90, 0h
21, 5, 5
69602, 17942, 90, 0h
69601, 19016, 89, 0h
70674, 17946, 89, 0h
70674, 19019, 92, 0h
21, 6, 2
69602, 20604, 91, 0h
69601, 21681, 89, 0h
70674, 20605, 64, 168h
70674, 21677, 92, 0h
21, 7, 5
69600, 23252, 88, 0h
69603, 24325, 92, 0h
70677, 23251, 91, 0h
70677, 24328, 93, 0h
21, 8, 5
69602, 25903, 91, 0h
69603, 26974, 89, 0h
70675, 25904, 90, 0h
70677, 26969, 90, 0h
21, 9, 5
69607, 28546, 89, 0h
69606, 29620, 90, 0h
70679, 28549, 92, 0h
70677, 29622, 90, 0h
21, 10, 5
69608, 31204, 90, 0h
69612, 32281, 87, 0h
70683, 31202, 91, 0h
70680, 32281, 93, 0h
21, 11, 5
69608, 33855, 88, 0h
69607, 34934, 90, 0h
70682, 33859, 92, 0h
70682, 34935, 89, 0h
21, 12, 2
69608, 36514, 89, 0h
69607, 37592, 88, 0h
70682, 36517, 58, 168h
70682, 37587, 87, 0h
21, 13, 23
69611, 39162, 89, 0h
69613, 40239, 90, 0h
70685, 39163, 91, 0h
70689, 40238, 91, 0h
21, 14, 5
69612, 41817, 91, 0h
69613, 42893, 88, 0h
70688, 41818, 92, 0h
70691, 42890, 92, 0h
21, 15, 5
69617, 44465, 90, 0h
69617, 45543, 91, 0h
70694, 44466, 87, 0h
70689, 45543, 89, 0h
21, 16, 5
69618, 47121, 91, 0h
69619, 48195, 89, 0h
70694, 47120, 92, 0h
70691, 48192, 91, 0h
21, 17, 5
69622, 49774, 88, 0h
69620, 50851, 92, 0h
70696, 49775, 92, 0h
70696, 50850, 91, 0h
21, 18, 5
69622, 52424, 92, 0h
69628, 53499, 91, 0h
70699, 52425, 92, 0h
70698, 53501, 91, 0h
21, 19, 5
69624, 55078, 91, 0h
69627, 56154, 91, 0h
70699, 55079, 92, 0h
70698, 56153, 92, 0h
21, 20, 5
69633, 57730, 93, 0h
69631, 58807, 91, 0h
70707, 57731, 94, 0h
70703, 58806, 93, 0h
21, 21, 5
69631, 60384, 90, 0h
69632, 61459, 91, 0h
70708, 60382, 92, 0h
70704, 61459, 92, 0h
21, 22, 5
69632, 63036, 92, 0h
69630, 64112, 91, 0h
70707, 63035, 91, 0h
70706, 64107, 91, 0h
21, 23, 5
69632, 65687, 92, 0h
69632, 66763, 90, 0h
70706, 65689, 92, 0h
70710, 66764, 90, 0h
21, 24, 5
69636, 68337, 91, 0h
69635, 69415, 92, 0h
70708, 68341, 93, 0h
70708, 69413, 90, 0h
21, 25, 5
69643, 70993, 90, 0h
69642, 72068, 92, 0h
70721, 70988, 90, 0h
70720, 72063, 91, 0h
21, 26, 5
69644, 73645, 92, 0h
69647, 74718, 91, 0h
70721, 73645, 94, 0h
70720, 74719, 92, 0h
21, 27, 5
69648, 76295, 90, 0h
69649, 77372, 89, 0h
70723, 76294, 93, 0h
70724, 77370, 91, 0h
21, 28, 5
69655, 78947, 90, 0h
69656, 80021, 89, 0h
70728, 78944, 91, 0h
70734, 80019, 91, 0h
21, 29, 5
69654, 81598, 91, 0h
69656, 82673, 94, 0h
70734, 81600, 90, 0h
70731, 82671, 92, 0h
21, 30, 23
69662, 84249, 89, 0h
69662, 85322, 89, 0h
70736, 84249, 92, 0h
70735, 85323, 92, 0h
21, 31, 23
69665, 86898, 91, 0h
69659, 87977, 89, 0h
70737, 86905, 92, 0h
70738, 87980, 91, 0h
22, 0, 5
73101, 4693, 90, 0h
73104, 5766, 88, 0h
74178, 4697, 89, 0h
74182, 5771, 89, 0h
22, 1, 5
73104, 7348, 90, 0h
73105, 8423, 90, 0h
74179, 7348, 92, 0h
74180, 8421, 92, 0h
22, 2, 5
73104, 9995, 90, 0h
73104, 11069, 89, 0h
74181, 9997, 88, 0h
74182, 11069, 89, 0h
22, 3, 5
73104, 12645, 94, 0h
73107, 13722, 95, 0h
74180, 12644, 92, 0h
74187, 13721, 93, 0h
22, 4, 5
73108, 15296, 91, 0h
73109, 16371, 91, 0h
74185, 15296, 91, 0h
74183, 16371, 86, 0h
22, 5, 5
73104, 17947, 87, 0h
73106, 19023, 91, 0h
74183, 17950, 89, 0h
74182, 19022, 91, 0h
22, 6, 5
73106, 20595, 90, 0h
73106, 21674, 91, 0h
74183, 20593, 91, 0h
74185, 21672, 90, 0h
22, 7, 5
73107, 23251, 90, 0h
73109, 24326, 91, 0h
74182, 23251, 90, 0h
74184, 24326, 97, 0h
22, 8, 5
73108, 25899, 90, 0h
73110, 26974, 90, 0h
74186, 25902, 92, 0h
74184, 26976, 91, 0h
22, 9, 5
73111, 28550, 89, 0h
73112, 29625, 94, 0h
74187, 28552, 91, 0h
74186, 29620, 91, 0h
22, 10, 5
73112, 31204, 91, 0h
73114, 32280, 91, 0h
74190, 31204, 92, 0h
74190, 32279, 89, 0h
22, 11, 5
73113, 33859, 91, 0h
73113, 34934, 92, 0h
74190, 33857, 90, 0h
74189, 34934, 91, 0h
22, 12, 5
73113, 36508, 90, 0h
73118, 37585, 93, 0h
74195, 36509, 91, 0h
74195, 37581, 90, 0h
22, 13, 5
73117, 39160, 90, 0h
73117, 40236, 91, 0h
74194, 39159, 89, 0h
74195, 40238, 92, 0h
22, 14, 5
73125, 41815, 94, 0h
73122, 42890, 93, 0h
74200, 41814, 92, 0h
74196, 42890, 91, 0h
22, 15, 23
73125, 44467, 91, 0h
73126, 45544, 91, 0h
74199, 44468, 93, 0h
74198, 45542, 94, 0h
22, 16, 5
73125, 47121, 92, 0h
73124, 48198, 90, 0h
74202, 47122, 88, 0h
74200, 48197, 91, 0h
22, 17, 5
73127, 49773, 92, 0h
73127, 50849, 92, 0h
74201, 49772, 92, 0h
74200, 50846, 92, 0h
22, 18, 5
73125, 52424, 91, 0h
73128, 53497, 89, 0h
74204, 52424, 91, 0h
74204, 53499, 91, 0h
22, 19, 5
73131, 55077, 91, 0h
73134, 56151, 93, 0h
74205, 55077, 94, 0h
74209, 56153, 91, 0h
22, 20, 5
73134, 57729, 91, 0h
73136, 58809, 91, 0h
74210, 57732, 90, 0h
74213, 58807, 93, 0h
22, 21, 5
73135, 60387, 90, 0h
73136, 61462, 94, 0h
74213, 60385, 92, 0h
74212, 61458, 91, 0h
22, 22, 5
73136, 63032, 90, 0h
73142, 64109, 92, 0h
74215, 63033, 93, 0h
74217, 64109, 91, 0h
22, 23, 5
73140, 65687, 90, 0h
73138, 66763, 93, 0h
74217, 65686, 91, 0h
74211, 66758, 91, 0h
22, 24, 5
73143, 68342, 89, 0h
73146, 69413, 92, 0h
74221, 68340, 94, 0h
74221, 69409, 88, 0h
22, 25, 23
73151, 70989, 95, 0h
73151, 72065, 88, 0h
74228, 70991, 92, 0h
74231, 72067, 89, 0h
22, 26, 5
73157, 73645, 92, 0h
73159, 74718, 93, 0h
74234, 73644, 92, 0h
74234, 74717, 89, 0h
22, 27, 23
73159, 76295, 91, 0h
73162, 77367, 94, 0h
74238, 76295, 91, 0h
74236, 77368, 91, 0h
22, 28, 5
73163, 78947, 89, 0h
73159, 80020, 88, 0h
74241, 78947, 93, 0h
74236, 80022, 91, 0h
22, 29, 5
73166, 81603, 90, 0h
73168, 82674, 90, 0h
74246, 81601, 93, 0h
74247, 82672, 92, 0h
22, 30, 23
73170, 84253, 92, 0h
73173, 85326, 96, 0h
74251, 84250, 95, 0h
74251, 85323, 90, 0h
22, 31, 23
73177, 86900, 92, 0h
73180, 87981, 92, 0h
74258, 86903, 91, 0h
74255, 87979, 89, 0h
23, 0, 23
76608, 4682, 90, 0h
76613, 5756, 91, 0h
77690, 4684, 93, 0h
77688, 5761, 88, 0h
23, 1, 5
76608, 7338, 91, 0h
76609, 8412, 90, 0h
77689, 7337, 90, 0h
77685, 8414, 90, 0h
23, 2, 5
76610, 9989, 90, 0h
76608, 11060, 90, 0h
77688, 9988, 91, 0h
77687, 11062, 90, 0h
23, 3, 2
76610, 12645, 89, 0h
76608, 13722, 89, 0h
77688, 12644, 66, 168h
77687, 13721, 91, 0h
23, 4, 5
76612, 15291, 90, 0h
76612, 16361, 87, 0h
77691, 15289, 91, 0h
77687, 16364, 88, 0h
23, 5, 5
76610, 17936, 88, 0h
76610, 19009, 87, 0h
77691, 17937, 93, 0h
77686, 19012, 91, 0h
23, 6, 5
76610, 20586, 86, 0h
76610, 21662, 89, 0h
77687, 20585, 88, 0h
77687, 21663, 87, 0h
23, 7, 5
76612, 23242, 86, 0h
76611, 24317, 88, 0h
77688, 23243, 92, 0h
77689, 24319, 88, 0h
23, 8, 5
76611, 25888, 87, 0h
76614, 26967, 86, 0h
77690, 25891, 92, 0h
77689, 26965, 90, 0h
23, 9, 5
76614, 28543, 86, 0h
76613, 29617, 88, 0h
77690, 28542, 93, 0h
77691, 29615, 92, 0h
23, 10, 5
76616, 31198, 92, 0h
76619, 32272, 91, 0h
77694, 31197, 92, 0h
77692, 32273, 89, 0h
23, 11, 5
76617, 33850, 90, 0h
76619, 34928, 89, 0h
77694, 33851, 92, 0h
77694, 34926, 90, 0h
23, 12, 5
76619, 36499, 88, 0h
76621, 37576, 88, 0h
77698, 36500, 92, 0h
77701, 37571, 85, 0h
23, 13, 5
76621, 39152, 88, 0h
76627, 40234, 90, 0h
77699, 39154, 91, 0h
77703, 40231, 91, 0h
23, 14, 5
76629, 41807, 89, 0h
76623, 42884, 90, 0h
77707, 41808, 92, 0h
77702, 42883, 88, 0h
23, 15, 5
76632, 44459, 88, 0h
76627, 45536, 88, 0h
77709, 44458, 89, 0h
77705, 45534, 92, 0h
23, 16, 5
76628, 47112, 94, 0h
76628, 48191, 88, 0h
77707, 47112, 90, 0h
77703, 48187, 89, 0h
23, 17, 5
76629, 49764, 88, 0h
76629, 50840, 88, 0h
77708, 49765, 92, 0h
77704, 50841, 91, 0h
23, 18, 5
76633, 52412, 91, 0h
76636, 53492, 88, 0h
77707, 52416, 90, 0h
77711, 53491, 91, 0h
23, 19, 5
76634, 55069, 88, 0h
76635, 56144, 88, 0h
77712, 55070, 92, 0h
77711, 56145, 91, 0h
23, 20, 5
76641, 57721, 88, 0h
76641, 58799, 88, 0h
77714, 57720, 92, 0h
77717, 58798, 92, 0h
23, 21, 5
76639, 60377, 90, 0h
76639, 61452, 92, 0h
77715, 60374, 90, 0h
77717, 61450, 91, 0h
23, 22, 5
76643, 63024, 91, 0h
76642, 64101, 87, 0h
77720, 63024, 94, 0h
77720, 64098, 89, 0h
23, 23, 5
76644, 65676, 92, 0h
76650, 66758, 91, 0h
77720, 65677, 91, 0h
77726, 66754, 92, 0h
23, 24, 5
76647, 68331, 89, 0h
76653, 69403, 89, 0h
77729, 68329, 93, 0h
77728, 69403, 90, 0h
23, 25, 5
76660, 70978, 90, 0h
76660, 72058, 90, 0h
77741, 70980, 92, 0h
77737, 72058, 90, 0h
23, 26, 5
76661, 73633, 91, 0h
76664, 74707, 89, 0h
77742, 73632, 91, 0h
77738, 74708, 91, 0h
23, 27, 5
76667, 76286, 91, 0h
76669, 77358, 91, 0h
77747, 76285, 91, 0h
77747, 77359, 91, 0h
23, 28, 5
76669, 78935, 91, 0h
76675, 80021, 90, 0h
77748, 78940, 92, 0h
77752, 80017, 91, 0h
23, 29, 5
76677, 81596, 92, 0h
76674, 82666, 87, 0h
77757, 81593, 93, 0h
77758, 82663, 94, 0h
23, 30, 23
76682, 84244, 92, 0h
76685, 85319, 87, 0h
77761, 84240, 96, 0h
77763, 85313, 91, 0h
23, 31, 23
76686, 86892, 91, 0h
76690, 87974, 90, 0h
77768, 86895, 92, 0h
77767, 87973, 92, 0h
