True
(255, 128, 255)
(193, 192, 192)
(255, 0, 0)
(255, 255, 0)
(0, 0, 0)
(0, 0, 0)
(0, 0, 0)
(255, 0, 255)
(0, 0, 255)
(0, 0, 0)
(128, 128, 0)
(0, 0, 0)
(0, 0, 0)
(0, 0, 0)
(0, 0, 0)
(0, 0, 0)
(0, 0, 0)
(0, 0, 0)
(0, 0, 0)
(0, 0, 0)
(0, 0, 0)
(16, 192, 255)
(48, 192, 255)
(80, 192, 255)
(112, 192, 255)
(144, 192, 255)
(176, 192, 255)
(255, 128, 0)
(128, 0, 255)
(176, 176, 0)
(128, 64, 64)
(0, 0, 0)
(0, 143, 143)
(0, 143, 143)
(0, 15, 15)
(0, 15, 15)
(0, 15, 15)
(0, 15, 15)
(0, 15, 15)
(0, 15, 15)
./TEST_RESULT
658
304
342
363
./LOG
./Models
Result
